     -28.0000     -7.60000     -7.60000     -7.60000       0
     -27.5000     -8.53000     -8.53000     -8.53000       0
     -27.0000     -8.28000     -8.52000     -8.06000       0
     -26.5000     -8.10000     -8.28000     -7.93000       0
     -26.0000     -7.37000     -7.44000     -7.31000       0
     -25.5000     -7.09000     -7.14000     -7.04000       0
     -25.0000     -6.71000     -6.74000     -6.68000       0
     -24.5000     -6.44000     -6.47000     -6.41000       0
     -24.0000     -6.16000     -6.19000     -6.13000       0
     -23.5000     -6.04000     -6.09000     -5.99000       0
     -23.0000     -5.69000     -5.73000     -5.65000       0
     -22.5000     -5.59000     -5.63000     -5.55000       0
     -22.0000     -5.58000     -5.62000     -5.54000       0
     -21.5000     -5.52000     -5.57000     -5.47000       0
     -21.0000     -5.34000     -5.42000     -5.27000       0
     -20.5000     -5.11000     -5.31000     -4.92000       0
