	-29.0000	-8.50000	-8.50000	-8.50000	 0
     	-28.5000     	-8.85000     	-9.19000     	-8.56000       	 0
     	-28.0000     	-9.42000     	-10.1900     	-8.90000       	 0
     	-27.5000     	-8.25000     	-8.38000     	-8.13000       	 0
     	-27.0000     	-7.67000     	-7.73000     	-7.62000       	 0
     	-26.5000     	-7.24000     	-7.28000     	-7.21000       	 0
     	-26.0000     	-6.88000     	-6.90000     	-6.86000       	 0
     	-25.5000     	-6.52000     	-6.54000     	-6.50000       	 0
     	-25.0000     	-6.22000     	-6.25000     	-6.19000       	 0
     	-24.5000     	-6.00000     	-6.03000     	-5.97000       	 0
     	-24.0000     	-5.72000     	-5.75000     	-5.70000       	 0
     	-23.5000     	-5.62000     	-5.64000     	-5.60000       	 0
     	-23.0000     	-5.48000     	-5.50000     	-5.46000       	 0
     	-22.5000     	-5.44000     	-5.47000     	-5.41000       	 0
     	-22.0000     	-5.43000     	-5.48000     	-5.38000       	 0
     	-21.5000     	-5.32000     	-5.56000     	-5.10000       	 0
      	-26.639501      -6.8659553      -7.1900001      -6.5419105       1
      	-26.239502      -6.8259554      -7.1500002      -6.5019106       1
      	-25.839502      -7.0859551      -7.5399999      -6.6319103       1
      	-25.439502      -6.4359550      -6.6699998      -6.2019102       1
      	-25.039501      -5.8759551      -6.0199999      -5.7319103       1
      	-24.639501      -5.8259554      -5.9600002      -5.6919106       1
      	-24.239502      -5.6559553      -5.7800001      -5.5319105       1
      	-23.839502      -5.5659551      -5.6899999      -5.4419104       1
      	-23.439502      -5.4659552      -5.5800000      -5.3519104       1
      	-23.039501      -5.5059552      -5.6300000      -5.3819104       1
      	-22.639501      -5.3959551      -5.5699999      -5.2219103       1
      	-22.239502      -5.3759551      -5.5699999      -5.1819103       1
      	-21.839502      -5.8759551      -6.1399999      -5.6119103       1
