	-30.7500	-9.81000	-9.81000	-9.81000	0
     	-30.5000     	-9.58000     	-10.3500     	-9.06000       	0
     	-30.0000     	-9.34000     	-9.34000     	-9.34000       	0
     	-29.5000     	-9.02000     	-9.36000     	-8.73000       	0
     	-29.0000     	-8.42000     	-8.57000    	-8.28000       	0
     	-28.5000     	-7.74000     	-7.80000     	-7.69000       	0
     	-28.0000     	-7.17000     	-7.20000     	-7.14000       	0
     	-27.5000     	-6.81000     	-6.85000     	-6.77000       	0
     	-27.0000     	-6.48000     	-6.53000     	-6.43000       	0
     	-26.5000     	-6.23000     	-6.27000     	-6.19000       	0
     	-26.0000     	-5.97000     	-6.00000     	-5.94000       	0
     	-25.5000     	-5.86000     	-5.89000     	-5.83000       	0
     	-25.0000     	-5.78000     	-5.81000     	-5.75000       	0
     	-24.5000     	-5.76000     	-5.81000     	-5.72000       	0
     	-28.611211      -6.9072735      -7.1900000      -6.6245470      1
      	-28.211211      -7.1072733      -7.4499999      -6.7645468      1
      	-27.811211      -7.1072733      -7.4499999      -6.7645468      1
      	-27.411212      -6.7972734      -7.0499999      -6.5445468      1
      	-27.011210      -6.4872734      -6.6700000      -6.3045469      1
      	-26.611211      -6.1472733      -6.2899998      -6.0045468      1
      	-26.211211      -6.1372736      -6.2800001      -5.9945470      1
      	-25.811211      -5.9572732      -6.0799998      -5.8345467      1
      	-25.411212      -5.8672735      -5.9800001      -5.7545470      1
      	-25.011210      -5.7972734      -5.9099999      -5.6845469      1
      	-24.611211      -5.7072732      -5.8199998      -5.5945467      1
      	-24.211211      -5.6272733      -5.7899998      -5.4645468      1
      	-23.811211      -5.2872736      -5.5000002      -5.0745471      1
     	-28.6500     	-8.52600     	-8.69518     	-8.40456       	2
     	-28.3500     	-7.62500     	-7.67774     	-7.57797       	2
     	-28.0500     	-7.27100     	-7.30538     	-7.23914       	2
     	-27.7500     	-7.02100     	-7.04652     	-6.99690       	2
     	-27.4500     	-6.81800     	-6.83808     	-6.79881       	2
     	-27.1500     	-6.62700     	-6.64304     	-6.61153       	2
     	-26.8500     	-6.42400     	-6.43664     	-6.41172       	2
     	-26.5500     	-6.31000     	-6.32107     	-6.29921       	2
     	-26.2500     	-6.16300     	-6.17233     	-6.15387       	2
     	-25.9500     	-6.05300    	-6.06120     	-6.04495       	2
     	-25.6500     	-5.92900     	-5.93611     	-5.92201       	2
     	-25.3500     	-5.85100     	-5.85749     	-5.84460       	2
     	-25.0500     	-5.81100     	-5.81720     	-5.80489       	2
     	-24.7500     	-5.79700     	-5.80310     	-5.79099       	2
     	
