	-29.5500	-8.57000	-9.03080	-8.35149	0
     	-29.2500     	-8.34000     	-8.56370     	-8.19308       	0
     	-28.9500     	-8.08000     	-8.74289     	-7.82893       	0
     	-28.6500     	-7.95000     	-8.12262     	-7.82681       	0
     	-28.3500     	-7.65000     	-7.98100     	-7.46436       	0
     	-28.0500     	-7.33000     	-7.50831     	-7.20396       	0
     	-27.7500     	-7.11000     	-7.24417     	-7.00765       	0
     	-27.4500     	-7.07000     	-7.21507     	-6.96144       	0
      	-29.007629      -7.3552756      -7.8299998      -6.8805513      1
      	-28.207630      -6.9252758      -7.2100001      -6.6405515      1
      	-27.807630      -6.5452757      -6.7400000      -6.3505514      1
      	-27.407631      -6.9052758      -7.1900000      -6.6205515      1
      	-27.007629      -6.6052756      -6.8199999      -6.3905513      1
      	-26.607629      -6.1652755      -6.3099998      -6.0205513      1
      	-26.207630      -6.3052759      -6.4700002      -6.1405516      1
      	-25.807630      -6.1552758      -6.3100000      -6.0005515      1
      	-25.407631      -5.9252758      -6.0600001      -5.7905515      1
      	-25.007629      -5.9452757      -6.0800000      -5.8105515      1
      	-24.607629      -6.3552756      -6.6999999      -6.0105513      1
     	-28.950100     	-8.50500     	-8.66998     	-8.38573       	2
     	-28.650100     	-7.76600     	-7.82902     	-7.71098       	2
     	-28.350100     	-7.37800     	-7.41721     	-7.34204       	2
     	-28.050100     	-7.19200     	-7.22339     	-7.16273       	2
     	-27.750100     	-6.88200     	-6.90373     	-6.86130       	2
     	-27.450100     	-6.67900     	-6.69610     	-6.66255       	2
     	-27.150000     	-6.59100     	-6.60643     	-6.57610       	2
     	-26.850000     	-6.41200     	-6.42451     	-6.39984       	2
     	-26.550000     	-6.24700     	-6.25733    	-6.23691       	2
     	-26.250000     	-6.19900     	-6.20876     	-6.18946       	2
     	-25.950000     	-6.15700     	-6.16630     	-6.14790       	2
     	-25.650000     	-6.06100     	-6.06932     	-6.05284       	2
     	-25.350000     	-6.03800     	-6.04610     	-6.03005       	2
     	-25.050000     	-6.00400     	-6.01178     	-5.99636       	2
     	
