	-29.550000	-8.54000	-8.74860	-8.39968	 0
     	-29.250000     	-8.30000     	-8.44832     	-8.18964      	 0
     	-28.950000     	-8.33000     	-8.48448     	-8.21629      	 0
     	-28.650000     	-7.94000     	-8.03145     	-7.86450       	 0
     	-28.350000     	-7.64000     	-7.70358     	-7.58455       	 0
     	-28.050000     	-7.47000     	-7.52296     	-7.42280       	 0
     	-27.750000     	-7.32000     	-7.36509     	-7.27915       	 0
     	-27.450000     	-7.09000     	-7.12602     	-7.05674       	 0
     	-27.150000     	-6.99000     	-7.02297     	-6.95936       	 0
     	-26.850000     	-6.80000     	-6.82948     	-6.77240       	 0
     	-26.550000     	-6.63000     	-6.71032     	-6.56224       	 0
      	-28.604808      -7.47377        -7.95000        -6.99754         1
      	-27.804808      -7.00376        -7.29000        -6.71753         1
      	-27.404809      -6.87376        -7.12999        -6.61753         1
      	-27.004807      -6.85376        -7.10999        -6.59753         1
      	-26.604808      -6.67376        -6.89000        -6.45753         1
      	-26.204808      -6.39376        -6.56999        -6.21753         1  
      	-25.804808      -6.30377        -6.47000        -6.13753         1
      	-25.404809      -6.07377        -6.28000        -5.86753         1
      	-25.004807      -6.40377        -6.66000        -6.14753         1
      	-24.604808      -5.01377        -5.47000        -4.55754         1
     	-28.950100     	-8.12000     	-8.20825     	-8.04669       	 2
     	-28.650100     	-7.69700     	-7.74912     	-7.65047       	 2
     	-28.350100     	-7.41100     	-7.44785     	-7.37703       	 2
     	-28.050100     	-7.25500     	-7.28558     	-7.22643       	 2
     	-27.750100     	-7.03100     	-7.05442     	-7.00877       	 2
     	-27.450100     	-6.87800     	-6.89757     	-6.85928       	 2
     	-27.150100     	-6.71400     	-6.73013     	-6.69845       	 2
     	-26.850100     	-6.63700     	-6.65173     	-6.62275       	 2
     	-26.550100     	-6.51800     	-6.53082     	-6.50555       	 2
     	-26.250000     	-6.45200     	-6.46388     	-6.44044       	 2
     	-25.950000     	-6.39300     	-6.40408     	-6.38220       	 2
     	-25.650000     	-6.27700     	-6.28669     	-6.26753       	 2
     	-25.986000     	-6.27572     	-6.56864     	-6.10237       	 3
     	-24.486000     	-5.92445     	-6.09691     	-5.80134       	 3
     	-23.486000     	-5.40894     	-5.49621     	-5.33630       	 3
     	-22.486000     	-5.22330     	-5.28904     	-5.16622       	 3
