     -29.2500     -8.48000     -8.66730     -8.34956       0
     -28.6500     -8.18000     -8.30391     -8.08371       0
     -28.3500     -8.11000     -8.22385     -8.01988       0
     -28.0500     -7.91000     -7.99815     -7.83676       0
     -27.7500     -7.81000     -7.88746     -7.74429       0
     -27.4500     -7.59000     -7.66027     -7.52953       0
     -26.8560     -6.61979     -6.82391     -6.43180       1
     -26.1960     -7.05552     -7.39794     -6.76195       1
     -24.9560     -5.84466     -6.04576     -5.65758       1
     -24.0960     -5.51286     -5.75945     -5.28819       1
     -23.0960     -5.36251     -5.81248     -4.99740       1
     -20.4830     -4.38461     -5.21257     -3.77245       2
     -21.4771     -4.61538     -4.90120     -4.23952       2
     -22.4910     -4.88462     -5.29042     -4.43413       2
     -25.9860     -6.72125     -6.95861     -6.56864       3
     -24.4860     -6.45593     -6.63827     -6.32790       3
     -23.4860     -6.19382     -6.30103     -6.10791       3
     -22.4860     -5.68613     -5.74473     -5.63451       3
