#Glxy_N Dist           Sigma           M_bulge          M_galaxy       L_OIII          L_core_R   Re_arcsec		Re_kpc                          Radiomorphology 
I0239	9.94		92.3		9.04367828	9.83586407	36.93		34.98	   0.825216		0.039610368344306944	        0
I0356	11.7		156.6		10.5747023	11.5336876	37.57		35.52	   5.86544		0.3284646501386166	        1
I0520	50.9		138.1		10.7137041	11.4661751	39.03		36.08	   0.779153		0.18777587039929627	        0
I2574	2.11		33.9		0.00000000	9.46234703	35.55		33.66	   0.00000000		0.00000000			0
N0147	0.8		22.0	        9.05375576	9.05381203	0.000		32.39	   2.723128		0.010892512517366558		0
N0205	0.8		23.3		9.5259304	9.52611637	0.000		32.36	   3.103972		0.012415888589723036		0
N0221	0.8		72.1		8.6057806	8.98718452	0.000		32.33	   0.103236005		4.129440396137885E-4		0
N0266	62.9		229.6		11.79708	11.9693317	39.43		36.94	   8.276752		2.449918623573303		1
N0278	5.3		47.6		8.81484699	9.45894814	37.47		34.81	   0.1298		0.003245000048354268		1
N0315	67.0		303.7		11.685379	11.7646294	39.43		39.58	   8.1169195		2.5568296231477556		1
N0404	3.1		40.0		9.32760239	9.33079338	37.16		33.28	   0.52417403		0.0073384366465132495		0
N0410	72.4		299.7		11.7647543	12.0892639	39.32		37.26	   14.587169		4.945050096240282	        1
N0507	63.7		292.0		11.700000	12.0700000	0.000		36.86	   1.6874402		0.5332311277413427		1
N0598	1.0		21.0		6.88698483	9.58353901	34.63		32.43	   0.00228	        9.120000433176755E-6		0
N0672	7.2		64.3		0.00000000	9.75936222	37.66		34.55	   0.00000000		0.00000000			0
N0777	68.8		324.1		11.7491608	11.7491617	38.38		36.77	   8.920614		2.8813584453567267		1
N0784	5.0		35.5		0.0000000	8.64780903	37.68		34.19	   0.00000000		0.00000000			0
N0841	62.2		159.2		10.2650337	10.6228752	38.74		36.19	   3.338442		0.9781635481851697		0
N0890	54.0		210.9		11.4082537	11.5507059	0.000		36.06	   5.546505		1.4143587485522031		0
N0959	5.41		43.6		8.07813644	8.65237522	37.40		34.65	   0.375102		0.009752652201220393		0
N1003	6.07		0.000		6.96619129	9.71548080	37.23		34.58	   0.01702299		4.936666957949102E-4		0
N1023	6.19		204.5		10.8605185	11.0952921	0.000		34.57	   0.93663		0.02809889937194064		0
N1058	4.49		31.0		7.35621738	8.54511070	35.95		34.41	   0.155408		0.0034189759814739224		0
N1156	2.49		35.9		0.00000000	8.50625706	39.15		34.15	   0.00000000		0.00000000			0
N1161	25.6		258.4		11.4260683	11.4924402	38.13		36.57	   1.9865261		0.2423561869233422		1
N1167	68.0		216.9		11.5700808	11.843606	40.17		39.65	   4.1			1.324300056695938		1
N1275	73.9		258.9		11.4655619	11.5732069	41.61		40.97	   8.342405		2.8864720126499233		1
N1961	56.4		241.3		11.2767839	11.492095	39.11		37.15	   8.315692		2.21197409380877		1
N2273	26.9		148.9		10.7318134	10.9416943	40.43		36.64	   2.0690308		0.2669049591410816	        5
N2276	34.3		83.5		9.30429935	10.2227573	38.17		35.9	   0.582528		0.09553459463882447		0
N2300	25.7		266.0		11.2000000	11.4000000	0.000		36.23	   0.99200994		0.12796927551936238		1
N2342	78.6		147.3		10.0141029	10.7106819	39.71		36.55	   2.0438719		0.7521448606618911		5
N2366	1.59		0.000		5.36222744	8.42669201	0.000		33.64	   0.00116		9.280000440776348E-6	        0
N2403	2.6		68.4	        9.45680237	9.80163860	35.91		33.96	   1.660958		0.021592454445503652	        0
N2500	8.96		47.1		7.82220745	9.30389786	36.55		34.71	   0.28616503		0.01230509670789074		0
N2537	8.31		63.0		0.00000000	10.1000000	38.72		34.6	   0.00000000		0.00000000			0
N2541	9.82		53.0		6.91862249	9.41086769	36.80		34.72	   0.26813498		0.012602343628483564		0
N2549	16.6		142.6		10.940835	11.2055178	0.000		35.26	   0.63592		0.050873598862886435		0
N2634	33.0		181.1		10.1998787	10.5414896	0.000		35.81	   0.7656681		0.12097556536775976		1
N2639	50.3		179.3		11.218358	11.7124081	39.60		37.61	   2.500428	        0.5951018777114152	        3
N2655	20.3		159.8		10.9471539	11.1999435	39.44		37.59	   1.217454		0.11931048887966574	 	5
N2681	12.1		121.0		9.90000000	10.3000000	38.37		35.51	   0.23779999		0.01379239902312845		3
N2683	9.14		130.2		10.5324154	11.2798729	37.06		34.49	   2.9287279		0.12886402690173687		1
N2685	14.4		93.8		10.0661268	10.6250677	38.41		34.82	   0.350382		0.024176357394352557		0
N2748	21.6		83.0	        9.71747303	10.801527	37.83		35.44	   2.9270802		0.3044163470808327		0
N2768	21.6		181.8		11.4213667	11.4949074	38.61		37.10	   13.548444		1.3683928916454613	        1
N2770	31.4		81.0		9.15423489	10.6896238	37.56		35.46	   0.86895007		0.13034251567934602	        0
N2782	39.7		183.1		10.4380522	10.8910284	40.00		36.79	   1.305423		0.24672494124211372		1
N2787	11.0		202.0		10.2944880	10.7971249	38.37		36.28	   0.51160896		0.027115274559810162		1
N2832	105.0		334.0		12.3834400	12.4284077	39.05		36.83	   142.71223		69.07271894572229	        1
N2841	11.6		222.0		11.2192144	11.5786839	38.19		34.84	   2.5420082		0.14235246359394937		3
N2859	27.8		188.2		11.1221189	11.4123211	38.57		35.31	   1.773023		0.23581206132496893	        0
N2903	12.1		89.0		8.19457912	10.9879217	37.35		34.32	   0.056665998		0.003286627789428413		0
N2950	20.9		163.0		10.7805176	11.1340933	0.000		35.47	   0.3636	        0.03636000054180622		0
N2964	22.9		109.4		9.26498127	10.6818991	38.71		36.03	   0.35662	        0.03922819978743791		5
N2976	1.29		36.0		5.66999102	8.75180721	36.58		33.24	   0.001482		8.892000077292323E-6		0
N2985	19.8		140.8		10.7886295	10.9594822	38.69		35.81	   1.461955	        0.13888572325721382		1
N3031	0.69		161.6		9.51741791	9.91988564	37.72		35.5	   0.241707	        7.251210063030012E-4		1
N3034	4.03		129.5		8.74919033	10.9230747	38.33		34.28	   0.068305		0.0012977949582692236		6
N3073	19.1		35.6		9.65079308	9.87492275	38.02		35.26	   1.3686839		0.12591891904473976		0
N3077	1.42		32.4		0.00000000	8.97912502	37.15		33.32	   0.00000000		0.00000000			1
N3079	18.3		182.3		10.2029991	10.9984922	37.67		37.27	   2.187768		0.19252358295679095		3
N3184	11.4		43.3		8.72056007	10.1678448	37.31		34.64	   0.316122		0.01801895400942117		0
N3185	22.0		79.3		10.3128786	10.6247196	39.44		35.15	   2.086186		0.22113571338872612		0
N3190	21.8		188.1		10.7925625	11.7418957	38.71		35.32	   0.32			0.0348799991607666		0
N3193	24.3		194.3		11.3677597	11.4232731	38.42		35.23	   2.259036		0.26430720903772115		0
N3198	12.6		46.1	        10.4852552	10.7922583	36.97		35.02	   2.0501492		0.12505910260528177		1
N3245	22.3		209.9		10.5730257	10.8343029	38.70		35.71	   1.502368		0.16826522119379042		5
N3319	14.1		87.4		9.49158573	9.9424715	37.07		34.84	   1.9013481		0.12929167782640905		0
N3344	12.3		73.6		9.25196457	10.4512291	38.24		34.11	   0.267034	        0.016556107729420066		0
N3348	41.8		236.4		11.3919792	11.3919792	0.000		36.59	   4.402676		0.8761325281987189		3
N3414	24.4		236.8		11.3242521	11.399231	39.06		36.2	   3.414414	 	0.41655851268084343		3
N3448	21.0		50.7		10.2892094	10.6288834	39.48		35.55	   0.93386996		0.0980563427385357		1
N3486	14.1		65.0	        9.3317728	10.0061932	37.93		34.26	   0.31878403		0.02167731521806255		0
N3504	26.2		119.3		10.6184053	10.8093958	39.88		37.3	   3.408174	 	0.429429930906862		1
N3516	37.5		181.0		11.0531921	11.5893803	40.80		36.84	   3.8462942		0.715410738165018		3
N3600	13.2		49.8		9.22146511	9.75805759	38.21		34.66	   0.490105	        0.032837035817950964		0
N3610	25.6		161.2		10.5497103	10.5852013	0.000		35.56	   1.7386241		0.22254389537026734		0
N3613	31.7		220.1		10.9270525	11.1690912	0.000		35.69	   2.087112		0.31724101379907127		0
N3631	19.2		43.9		10.1470795	10.2253332	38.01		35.23	   1.091488	   	0.10041689619517326		0
N3642	24.9		85.0		9.41435242	10.1240587	38.96		35.55	   0.26076	  	0.03129119930058718		0
N3665	32.1		236.8		12.5000000	12.600000	38.28		36.85	   6.192	   	0.9907199778556824		2
N3675	13.8		108.0		9.41810703	11.5744791	37.79		34.96	   0.077349	        0.0053370808662995695		1
N3718	16.9		158.1		10.4665222	10.6793108	37.41		36.78	   1.2624661		0.10225975440099537		1
N3729	17.8		76.2		8.88463306	9.94359779	36.60		35.85	   0.22850202		0.019651174387369304		1
N3756	21.4		47.6		9.24642754	10.3513165	37.04		35.29	   0.702975	        0.07240642508380116		0
N3838	21.0		141.4		9.99490452	11.3608866	0.000		35.44	   0.19361702		0.01955531970088795		6
N3884	107.0	 	208.3		11.5545645	12.0307035	40.20		37.79	   2.47	                1.2201799699664118		1
N3898	19.2	 	206.5		10.9968376	11.133234	38.52		35.84	   1.263436	        0.11623611222591997		1
N3900	30.2		139.2		10.7370253	11.0469065	38.35		35.63	   1.103328	        0.15887922516059877		0
N3945	20.3		191.5		10.0292377	11.0393133	38.39		35.77	   0.40179998		0.03937639701018676		3
N3949	14.5		82.0		9.62045670	9.82194614	37.44		35.05	   0.72394		0.05067580021575094		0
N3982	18.3		73.0		8.66141510	9.21007633	39.83		36.15	   0.23012	        0.020250559890270234		1
N3992	17.6		148.4		9.81511784	10.8560019	37.10		35.07	   0.314415		0.026725275281108917		0
N3998	17.4		304.6		10.8537865	11.1602154	39.56		37.98	   0.431676	 	0.036260783511132		1
N4026	16.9		177.2		11.3145285	11.6106091	0.000		35.11	   1.045872		0.08471563224935531		0
N4036	21.7		215.1		10.5043373	11.3895626	39.16		35.99	   0.316888		0.03295635267996788		3
N4041	19.5		95.0		9.84839439	10.1771183	38.24		35.5	   0.66542596		0.0625500380982262		5
N4062	14.9		93.2		8.38139725	10.3623676	36.51		34.63	   0.196704	       	0.014162687390327453		0
N4096	11.1		79.5		8.99378777	10.3723125	36.15		34.53	   0.253658	       	0.013443873841248453		0
N4102	14.7		174.3		10.6042776	10.7921791	39.10		35.91	   0.562533	       	0.0399398443076536		5
N4125	21.0		226.7		11.2643194	11.2651873	38.71		35.36	   4.847293		0.48957661004634945		0
N4138	16.0		120.9		10.5652475	10.7936115	38.75		35.29	   1.3660569		0.10518638073003665		0
N4143	16.9		204.9		10.9236383	11.2317753	38.81		36.13	   0.377379		0.030567699089974167		2
N4144	6.84		64.3		5.54337502	9.2628231	36.26		34.02	   0.007491		2.4720299866050485E-4		0
N4150	7.05		87.0		9.0243969	9.80671406	35.83		34.62	   0.064634		0.002197556119427085		0
N4151	17.8		97.0		10.1407547	10.7946014	41.74		37.75	   0.243982		0.020982452712580563		3
N4183	16.6		34.4		0.00000000	9.83958149	37.90		35.17	   0.00000000		0.00000000			0
N4203	19.5		167.0		10.8975182	11.2392073	38.28		36.09	   0.589944		0.05545473410117627		1
N4217	17.7		91.3		10.5980291	11.1105537	36.93		35.23	   2.3554351		0.20021198560592307		3
N4220	16.0		105.5		10.0600901	10.7438002	36.19		35.25	   0.530222		0.04082709377877414		1
N4242	10.3		0.000		6.67858982	9.50324535	36.30		34.42	   0.00625		3.125000046566129E-4		6
N4244	7.09		36.8		7.65127802	10.5324850	36.05		33.83	   0.00901		3.0634001664817334E-4		1
N4245	16.7		82.7		10.2029676	10.5742722	37.36		34.64	   0.478629		0.03876894911411405		0
N4258	9.36		148.0		10.8533592	11.5285702	38.76		34.93	   1.49319	        0.06719355267003178		1
N4274	17.4		96.6		9.57532215	10.4428520	38.49		34.62	   0.353136		0.02966342360007763		0
N4278	15.6		237.0		11.0000000	11.0000000	38.88		37.6	   1.2524		0.07764879873096943		1
N4291	25.5		293.0		10.9000000	10.9000000	0.000		35.5	   1.6864		0.20911359658241271		0
N4314	17.8		117.0		10.7375288	11.1179228	37.75		34.65	   1.106016		0.09069331450510026	        0
N4414	14.2		117.0		10.3871241	10.7734537	36.46		34.68	   0.350856		0.023156495874524115		0
N4448	13.5		119.8		10.5624666	10.7576685	37.34		34.47	   0.822906		0.051843078833833336		0
N4449	6.09		17.8		8.36481476	9.76141167	38.28		33.58	   0.134652		0.003770256116375327		0
N4485	10.3		52.2		8.72074795	8.92357254	36.95		34.32	   0.930288		0.0446538243881464		0
N4490	11.4		45.1		9.44766903	10.2036753	37.12		34.33	   0.89999306		0.04769963161674045		0
N4559	15.6		49.2		8.05747604	9.45258713	37.01		34.49	   0.41436		0.029833918715715408		0
N4565	21.8		136.0		11.1635122	11.9278355	38.22		35.2	   1.1101		0.11101000165417792		1
N4589	29.2		224.5		11.0221500	11.0221500	38.78		37.45	   9.8412		1.3679267859220505		3
N4605	3.7		26.1	        8.99011040	9.29101658	36.63		33.77	   0.72936803		0.012399257183842695		0
N4648	21.0		224.5		10.0500669	10.4180489	0.000		35.45	   0.359055	        0.0362645562626794		0
N4656	13.0		70.4		0.00000000	9.77117634	37.93		34.32	   0.00000000		0.000000000000000000	        0
N4736	7.59		112.0		10.5028868	11.1300135	37.33		34.82	   0.250823	        0.009280451119601726		1
N4750	24.1		136.0		10.2265291	10.7547579	38.76		35.84	   1.024075	        0.11776862713638694		1
N4800	15.6		111.0		10.3450289	10.4125795	37.62		34.91	   1.064775	        0.07985812817327678		0
N4826	10.0		96.0		10.5004492	11.2260561	37.92		33.88	   0.47078398		0.022597631236426382		1
N4914	70.8		224.7		11.6005487	11.6005487	0.000		36.17	   14.1764	        4.706564620864391		0
N5005	16.8		172.0		11.0303783	11.096838	39.41		36.29	   1.828413	        0.14810145343592762		4
N5033	15.8		151.0		9.89996624	10.8255444	39.34		36.04	   0.526908		0.04004500671234727		1
N5055	9.85		117.0		9.50651646	11.0493059	37.44		34.37	   0.157152	        0.007543296065568923		0
N5112	17.0		60.8		0.00000000	9.50951099	37.42		35.4	   0.00000000	        0.00000000			0
N5204	4.6		39.9		8.6662569	8.89254379	36.58		34.14	   0.878108	        0.019318375895321368		0
N5273	18.6		71.0		10.0463381	10.5983257	39.82		35.31	   0.37388903	 	0.0332761242494236		6
N5308	30.1		249.0		10.8384581	11.2748041	0.000		35.82	   0.57887995 	 	0.08335870921159089		0
N5322	27.0		230.0		11.3000000	11.5000000	38.20		37.0	   3.9215996	 	0.5058863217530072		2
N5353	36.1		286.4		10.4122219	11.1018076	38.73		37.63	   0.688		0.11833600401878357		1
N5354	39.8		217.4		10.8833113	11.2133684	38.61		36.94	   1.212057	        0.2290787676539272		1
N5377	28.0		169.7		11.1810474	11.4941578	38.81		35.71	   1.887926	        0.2529820903016329	 	3
N5448	31.1		124.5		9.47961617	10.4000094	38.55		35.73	   0.932591	        0.13895606266872584		3
N5457	5.17		23.6		8.27937698	8.95730972	36.99		34.28	   0.274125	        0.00685312510211952		0
N5474	5.7		29.0		8.38705826	9.00666714	37.35		34.38	   0.36682203	  	0.009904195066905487		0
N5548	77.6		291.0		10.75704	11.0993042	41.60		36.96	   1.21968	        0.4427438466882706		2
N5557	46.4		259.0		11.4000000	11.4000000	0.000		35.94	   7.0064	        1.6254847532272338		0
N5585	5.62		42.0		7.34859324	8.58417702	37.68		34.53	   0.16983001	  	0.0045854103889412245		0
N5631	29.3		168.1		11.3728533	11.3938465	38.76		35.89	   4.20182	        0.5882548025044798		0
N5866	11.8		169.1		10.3932266	10.7925062	37.50		36.5	   0.61035603	 	0.03479029372819003		4
N5879	12.0		73.9		9.37492085	10.2092772	37.89		35.27	   0.416904		0.024180431304216383		1
N5907	10.4		120.2		0.00000000	11.160861	36.88		35.03	   0.00000000		0.00000000			6
N5982	44.0		239.4		11.3646698	11.3646698	38.55		35.8	   0.209	        0.0436810013204813		0
N5985	36.7		157.6		10.7753658	11.3703566	38.76		35.76	   3.0478	        0.5333649909168482		4
N6140	12.9		49.4		8.82851505	9.29893589	37.52		35.15	   0.78771	        0.04883801920183003		0
N6207	12.3		92.1		8.78690815	9.92282963	38.30		35.19	   0.4764	        0.028583999361097814		0
N6217	19.1		70.3		9.48334694	10.0612812	39.25		35.66	   0.593584	        0.05460972810614109		1
N6340	16.6		143.9		10.7257805	10.8951435	38.31		35.53	   2.53168		0.2025343954730034		1
N6412	18.1		49.9		9.02677822	9.63829899	37.59		35.4	   0.810231	        0.0704900949716717		0
N6482	55.7		310.4		11.2449245	11.3379717	0.000		36.37	   5.001997	        1.315525268243313		1
N6503	4.89		46.0		7.70321751	9.88426876	0.000		34.3	   0.034188	        7.521359959244729E-4		0
N6654	25.0		172.2		10.4525194	11.0832834	0.000		35.61	   0.44651997	 	0.05358239520234011	 	0
N6946	5.0		55.8		8.28654575	9.25043583	37.03		34.43	   0.12636	        0.00303264002636075		5
N6951	18.2		127.8		10.3314409	10.8353729	38.69		35.42	   1.254453	        0.10913740785960853		3
N7217	8.96		141.4		10.6045332	10.7311583	38.31		35.09	   1.3227661	 	0.056878944231653586		3
N7331	7.01		137.2		10.249856	10.9160089	38.30		34.95	   0.333642		0.011343828616484999		0
N7457	7.2		69.4		9.57676983	10.0858955	0.000		34.88	   0.39389	        0.013786150058694184		0
N7640	0.88		48.1		7.20993423	7.86455917	36.84		34.51	   0.11171601	 	4.46864061224903E-4		0
N7741	5.76		29.4		7.86642838	8.13275528	37.91		34.7	   0.30550802	 	0.008554224824040606		0


Notes:
-Glxy_N: galaxy name

-Dist: Distance in Mpc

-Sigma: central velocity dispersion in km/s
Galaxies with no available sigma values are denoted by 0.00

-M_bulge: stellar mass of the spheroidal component of the galaxy
Bulgeless galaxies are denoted by 0.0000000


-M_galaxy: stellar mass of the galaxy

-L_OIII: OIII luminosity [erg/s]
Galaxies with no available data are denoted by 0.00

-L_core_R: radio core luminosity [erg/s]
-Re_arcsec: effective radius in arcsec 
-Re_kpc:  effective radius in kpc

-Radio morphology coded in numbers:
0- undetected
1-morphological class: A = core/core–jet
2- class B = one-sided jet
3- class C = triple
4- class  D = doubled-lobed
5- class  E = jet+complex
6-  detected but core unidentified







