|redshift|flux_20_cm|log_bh_mass|log_lbol|log_lbol_ledd|rf_flux_6_cm|radio_class|
|  0.3580|          |      8.664|  45.525|       -1.253|            |ndRI       |
|  0.3603|    1.2505|      8.197|  45.161|       -1.151|      0.7989|dRI        |
|  0.3613|          |      7.284|  43.965|       -1.433|            |NC         |
|  0.3651|          |      7.639|  43.234|       -2.519|            |NC         |
|  0.3668|          |      7.269|  44.603|       -0.780|            |NC         |
|  0.3675|          |      7.146|  45.067|       -0.193|            |NC         |
|  0.3683|          |      8.656|  44.928|       -1.842|            |NC         |
|  0.3684|    3.0349|      7.941|  45.763|       -0.292|      1.9446|NC         |
|  0.3690|          |      8.524|  42.205|       -4.433|            |NC         |
|  0.3692|          |      7.460|  44.921|       -0.654|            |ndRI       |
|  0.3709|          |      7.891|  45.672|       -0.333|            |ndRI       |
|  0.3721|    2.6900|      6.054|  44.386|        0.218|      1.7258|RL         |
|  0.3722|          |      8.390|  45.362|       -1.141|            |NC         |
|  0.3726|          |      8.126|  45.544|       -0.696|            |ndRI       |
|  0.3766|          |      8.555|  46.073|       -0.596|            |ndRI       |
|  0.3783|    1.3000|      8.432|  43.099|       -3.447|      0.8359|RL         |
|  0.3859|          |      8.917|  45.448|       -1.582|            |ndRI       |
|  0.3871|          |      7.123|  45.009|       -0.228|            |NC         |
|  0.3879|          |      7.885|  44.971|       -1.028|            |NC         |
|  0.3903|          |      7.448|  44.324|       -1.238|            |NC         |
|  0.3919|          |      8.007|  45.198|       -0.923|            |ndRI       |
|  0.3959|          |      7.452|  44.089|       -1.477|            |NC         |
|  0.3980|          |      8.387|  45.491|       -1.009|            |NC         |
|  0.3993|    2.1118|      8.493|  45.838|       -0.769|      1.3683|dRI        |
|  0.4009|    1.1242|      7.726|  45.206|       -0.634|      0.7288|NC         |
|  0.4018|          |      7.165|  43.643|       -1.636|            |           |
|  0.4089|    1.2641|      8.412|  44.916|       -1.609|      0.8218|RL         |
|  0.4099|          |      8.136|  44.637|       -1.614|            |NC         |
|  0.4124|          |      8.456|  45.089|       -1.481|            |ndRI       |
|  0.4176|    1.0700|      6.557|  44.215|       -0.455|      0.6978|RL         |
|  0.4189|          |      7.604|  45.711|       -0.007|            |NC         |
|  0.4202|          |      8.073|  44.902|       -1.284|            |NC         |
|  0.4240|          |      8.226|  43.758|       -2.582|            |ndRI       |
|  0.4269|          |      8.325|  45.324|       -1.114|            |NC         |
|  0.4402|          |      8.005|  45.083|       -1.035|            |ndRI       |
|  0.4435|          |      8.643|  45.810|       -0.947|            |ndRI       |
|  0.4460|          |      8.097|  45.066|       -1.144|            |           |
|  0.4470|          |      8.030|  44.876|       -1.268|            |NC         |
|  0.4481|          |      8.169|  45.634|       -0.649|            |ndRI       |
|  0.4500|    2.5000|      9.039|  43.471|       -3.682|      1.6489|RL         |
|  0.4508|          |      9.185|  44.393|       -2.905|            |NC         |
|  0.4533|    6.0698|      8.813|  43.396|       -3.531|      4.0079|dRI        |
|  0.4594|          |      8.160|  44.058|       -2.216|            |           |
|  0.4697|          |      7.634|  44.958|       -0.790|            |NC         |
|  0.4755|          |      8.890|  44.872|       -2.132|            |NC         |
|  0.4764|          |      8.872|  46.370|       -0.617|            |RQ         |
|  0.4793|          |      7.818|  44.981|       -0.951|            |NC         |
|  0.4796|          |      8.478|  45.244|       -1.349|            |NC         |
|  0.4842|          |      7.901|  45.261|       -0.754|            |NC         |
|  0.4884|          |      8.691|  42.831|       -3.974|            |NC         |
|  0.4900|    5.7874|      8.711|  45.907|       -0.918|      3.8693|RL         |
|  0.4978|          |      7.617|  44.280|       -1.451|            |NC         |
|  0.4986|          |      8.596|  45.559|       -1.151|            |           |
|  0.4994|   29.0059|      8.523|  45.820|       -0.817|     19.4541|RL         |
|  0.4997|          |      8.347|  45.392|       -1.069|            |NC         |
|  0.5033|          |      8.408|  46.465|       -0.057|            |ndRI       |
|  0.5095|          |      8.279|  44.924|       -1.469|            |NC         |
|  0.5110|          |      8.551|  45.666|       -0.999|            |ndRI       |
|  0.5123|          |      8.635|  45.553|       -1.196|            |ndRI       |
|  0.5124|          |      7.806|  44.864|       -1.057|            |NC         |
|  0.5127|          |      8.247|  44.319|       -2.042|            |NC         |
|  0.5148|          |      8.878|  44.940|       -2.052|            |NC         |
|  0.5175|          |      8.393|  45.365|       -1.142|            |ndRI       |
|  0.5184|          |      8.434|  45.589|       -0.959|            |ndRI       |
|  0.5186|          |      8.175|  45.479|       -0.810|            |ndRI       |
|  0.5200|          |      7.951|  44.939|       -1.126|            |NC         |
|  0.5214|          |      7.988|  45.078|       -1.024|            |NC         |
|  0.5258|          |      8.823|  45.806|       -1.131|            |ndRI       |
|  0.5267|          |      8.157|  44.709|       -1.562|            |ndRI       |
|  0.5287|          |      8.390|  45.685|       -0.819|            |ndRI       |
|  0.5308|          |      8.896|  45.293|       -1.717|            |ndRI       |
|  0.5340|          |      8.083|  43.781|       -2.416|            |NC         |
|  0.5355|          |      8.243|  44.410|       -1.946|            |NC         |
|  0.5385|          |      8.701|  45.181|       -1.634|            |           |
|  0.5432|    3.7100|      7.081|  44.960|       -0.234|      2.5243|RL         |
|  0.5468|    0.9359|      9.310|  46.422|       -1.002|      0.6376|dRI        |
|  0.5484|          |      8.093|  45.385|       -0.822|            |           |
|  0.5585|          |      8.649|  46.515|       -0.247|            |ndRI       |
|  0.5621|          |      8.178|  45.200|       -1.092|            |ndRI       |
|  0.5634|   11.0992|      6.723|  42.858|       -1.979|      7.6013|RL         |
|  0.5749|          |      8.074|  44.639|       -1.549|            |           |
|  0.5772|          |      8.625|  46.126|       -0.612|            |ndRI       |
|  0.5821|          |      8.710|  45.154|       -1.670|            |ndRI       |
|  0.5829|          |      8.706|  45.656|       -1.163|            |ndRI       |
|  0.5859|    1.2620|      7.180|  45.657|        0.363|      0.8705|RL         |
|  0.5864|          |      9.343|  46.598|       -0.859|            |RQ         |
|  0.5926|          |      8.198|  44.894|       -1.418|            |NC         |
|  0.5930|          |      8.557|  45.562|       -1.109|            |NC         |
|  0.5958|    2.7976|      9.341|  46.327|       -1.128|      1.9357|RL         |
|  0.5985|    5.1275|      8.179|  44.876|       -1.417|      3.5507|NC         |
|  0.5987|   11.5102|      8.159|  45.456|       -0.817|      7.9713|NC         |
|  0.6061|          |      8.364|  44.551|       -1.928|            |ndRI       |
|  0.6071|          |      8.414|  44.593|       -1.935|            |ndRI       |
|  0.6075|          |      9.009|  45.623|       -1.500|            |ndRI       |
|  0.6102|          |      9.106|  45.057|       -2.163|            |ndRI       |
|  0.6152|          |      8.071|  44.974|       -1.211|            |NC         |
|  0.6157|          |      8.743|  45.841|       -1.016|            |ndRI       |
|  0.6229|    1.6239|      8.747|  45.918|       -0.943|      1.1331|dRI        |
|  0.6290|          |      8.601|  45.805|       -0.910|            |NC         |
|  0.6307|          |      8.045|  44.797|       -1.363|            |ndRI       |
|  0.6318|   11.1255|      9.063|  46.967|       -0.209|      7.7841|RL         |
|  0.6411|          |      7.937|  45.080|       -0.971|            |NC         |
|  0.6424|    1.1070|      9.236|  46.552|       -0.798|      0.7770|dRI        |
|  0.6457|          |      8.496|  45.309|       -1.301|            |NC         |
|  0.6460|          |      9.477|  46.961|       -0.629|            |RQ         |
|  0.6468|  195.6446|      9.544|  46.775|       -0.883|    137.5127|RL         |
|  0.6473|          |      8.047|  45.428|       -0.732|            |ndRI       |
|  0.6499|          |      8.529|  45.495|       -1.147|            |ndRI       |
|  0.6531|    0.9903|      8.160|  46.136|       -0.138|      0.6974|dRI        |
|  0.6542|          |      8.108|  45.462|       -0.759|            |NC         |
|  0.6555|          |      8.410|  46.153|       -0.371|            |ndRI       |
|  0.6559|          |      8.786|  45.974|       -0.926|            |ndRI       |
|  0.6576|          |      8.307|  45.480|       -0.941|            |ndRI       |
|  0.6604|          |      8.434|  46.374|       -0.174|            |ndRI       |
|  0.6607|          |      8.226|  46.024|       -0.316|            |ndRI       |
|  0.6633|          |      9.010|  45.902|       -1.222|            |ndRI       |
|  0.6664|          |      8.900|  46.151|       -0.862|            |ndRI       |
|  0.6682|          |      8.623|  46.148|       -0.589|            |ndRI       |
|  0.6687|          |      7.921|  45.200|       -0.836|            |NC         |
|  0.6694|          |      9.456|  46.219|       -1.351|            |ndRI       |
|  0.6736|          |      8.704|  45.888|       -0.929|            |ndRI       |
|  0.6761|          |      9.003|  46.547|       -0.571|            |ndRI       |
|  0.6804| 2777.4840|      8.548|  47.459|        0.798|   1972.0334|RL         |
|  0.6819|    0.6263|      8.998|  44.872|       -2.240|      0.4449|dRI        |
|  0.6881|          |      8.202|  45.662|       -0.654|            |NC         |
|  0.6971|          |      8.609|  46.243|       -0.480|            |ndRI       |
|  0.6984|          |      8.133|  45.779|       -0.468|            |ndRI       |
|  0.6987|          |      8.403|  46.007|       -0.510|            |NC         |
|  0.7029|          |      8.446|  45.116|       -1.445|            |ndRI       |
|  0.7035|    1.8317|      8.446|  45.989|       -0.570|      1.3094|ndRI       |
|  0.7058|  139.4560|      8.234|  45.925|       -0.422|     99.7617|RL         |
|  0.7163|          |      9.294|  46.180|       -1.228|            |ndRI       |
|  0.7206|          |      8.007|  45.540|       -0.581|            |NC         |
|  0.7238|          |      8.830|  46.384|       -0.559|            |ndRI       |
|  0.7265|          |      8.404|  45.467|       -1.051|            |ndRI       |
|  0.7333|          |      8.590|  45.696|       -1.008|            |ndRI       |
|  0.7381|          |      8.385|  46.117|       -0.382|            |ndRI       |
|  0.7404|          |      8.353|  45.684|       -0.782|            |NC         |
|  0.7408|          |      7.952|  45.951|       -0.115|            |NC         |
|  0.7423|          |      8.316|  45.703|       -0.727|            |ndRI       |
|  0.7451|          |      8.669|  45.899|       -0.884|            |ndRI       |
|  0.7642|          |      8.675|  46.764|       -0.025|            |ndRI       |
|  0.7654|          |      8.157|  45.689|       -0.582|            |ndRI       |
|  0.7661|          |      7.869|  45.630|       -0.353|            |NC         |
|  0.7665|          |      8.098|  44.911|       -1.301|            |ndRI       |
|  0.7668|          |      8.934|  46.079|       -0.969|            |ndRI       |
|  0.7692|          |      8.705|  44.722|       -2.097|            |NC         |
|  0.7702|          |      8.229|  45.884|       -0.459|            |NC         |
|  0.7794|          |      8.532|  45.181|       -1.465|            |NC         |
|  0.7824|    1.5968|      8.894|  45.789|       -1.219|      1.1677|dRI        |
|  0.7863|          |      8.761|  45.900|       -0.975|            |ndRI       |
|  0.7891|          |      8.909|  45.081|       -1.942|            |ndRI       |
|  0.7921|          |      8.183|  45.449|       -0.849|            |NC         |
|  0.7925|          |      8.710|  45.879|       -0.944|            |ndRI       |
|  0.7955|          |      9.060|  46.232|       -0.942|            |NC         |
|  0.7973|          |      8.170|  45.944|       -0.341|            |NC         |
|  0.8028|          |      8.628|  46.362|       -0.380|            |ndRI       |
|  0.8035|          |      8.639|  45.052|       -1.701|            |ndRI       |
|  0.8041|          |      8.733|  46.208|       -0.639|            |ndRI       |
|  0.8046|    1.3600|      9.095|  44.483|       -2.727|      1.0007|dRI        |
|  0.8071|    1.3614|      8.421|  45.531|       -1.004|      1.0024|dRI        |
|  0.8116|          |      8.958|  46.041|       -1.030|            |ndRI       |
|  0.8181|          |      8.725|  45.144|       -1.694|            |ndRI       |
|  0.8208|          |      8.532|  46.782|        0.137|            |ndRI       |
|  0.8212|          |      8.589|  45.081|       -1.622|            |ndRI       |
|  0.8224|          |      8.617|  46.085|       -0.646|            |NC         |
|  0.8241|          |      8.519|  44.781|       -1.852|            |ndRI       |
|  0.8247|          |      8.594|  45.601|       -1.107|            |ndRI       |
|  0.8263|          |      8.707|  46.543|       -0.278|            |ndRI       |
|  0.8288|    8.9975|      8.743|  47.490|        0.633|      6.6645|RL         |
|  0.8297|          |      9.063|  45.570|       -1.607|            |ndRI       |
|  0.8309|          |      8.068|  45.277|       -0.905|            |NC         |
|  0.8367|          |      8.504|  45.622|       -0.996|            |NC         |
|  0.8370|          |      8.354|  45.676|       -0.792|            |ndRI       |
|  0.8386|          |      9.459|  45.716|       -1.858|            |ndRI       |
|  0.8388|          |      8.328|  45.501|       -0.941|            |ndRI       |
|  0.8400|          |      9.005|  46.439|       -0.680|            |ndRI       |
|  0.8420|          |      8.304|  45.244|       -1.174|            |ndRI       |
|  0.8436|          |      8.461|  45.606|       -0.969|            |ndRI       |
|  0.8440|          |      8.645|  45.069|       -1.690|            |NC         |
|  0.8466|          |      9.114|  46.447|       -0.781|            |NC         |
|  0.8473|          |      8.926|  46.571|       -0.469|            |ndRI       |
|  0.8483|          |      8.931|  45.515|       -1.530|            |NC         |
|  0.8532|          |      8.785|  46.053|       -0.846|            |ndRI       |
|  0.8538|          |      8.708|  46.183|       -0.639|            |NC         |
|  0.8538|          |      8.917|  45.415|       -1.616|            |ndRI       |
|  0.8654|  349.1485|      8.474|  46.772|        0.184|    261.1883|RL         |
|  0.8666|          |      8.596|  45.501|       -1.209|            |ndRI       |
|  0.8727|          |      8.434|  45.377|       -1.171|            |ndRI       |
|  0.8732|          |      8.906|  46.065|       -0.954|            |ndRI       |
|  0.8750|          |      8.132|  44.636|       -1.609|            |NC         |
|  0.8774|          |      8.373|  45.449|       -1.038|            |ndRI       |
|  0.8790|          |      8.926|  45.423|       -1.616|            |NC         |
|  0.8811|          |      8.335|  45.924|       -0.525|            |ndRI       |
|  0.8874|          |      8.741|  46.090|       -0.766|            |NC         |
|  0.8896|          |      8.418|  45.659|       -0.873|            |ndRI       |
|  0.8908|          |      9.193|  46.102|       -1.204|            |ndRI       |
|  0.8912| 1536.6351|      8.733|  47.231|        0.383|   1157.4462|RL         |
|  0.8916|          |      8.290|  46.598|        0.195|            |ndRI       |
|  0.8967|          |      8.395|  44.875|       -1.634|            |NC         |
|  0.9009|    5.3645|      8.415|  44.575|       -1.954|      4.0510|RL         |
|  0.9038|  211.2089|      8.452|  46.805|        0.240|    159.6173|RL         |
|  0.9053|          |      8.640|  46.059|       -0.695|            |ndRI       |
|  0.9071|   61.5638|      8.692|  46.520|       -0.287|     46.5669|RL         |
|  0.9077|          |      9.055|  45.706|       -1.463|            |ndRI       |
|  0.9082|    1.3500|      8.631|  45.080|       -1.664|      1.0214|RL         |
|  0.9095|          |      8.536|  46.399|       -0.251|            |NC         |
|  0.9177|  242.0931|      8.671|  46.518|       -0.267|    183.6263|RL         |
|  0.9195|          |      7.553|  44.505|       -1.162|            |NC         |
|  0.9249|   23.5130|      8.697|  46.111|       -0.700|     17.8681|RL         |
|  0.9268|          |      7.848|  44.700|       -1.261|            |NC         |
|  0.9368|          |      8.497|  46.370|       -0.240|            |ndRI       |
|  0.9369|          |      8.702|  45.893|       -0.923|            |ndRI       |
|  0.9374|          |      9.111|  46.022|       -1.204|            |ndRI       |
|  0.9375|          |      9.030|  46.487|       -0.656|            |ndRI       |
|  0.9427|          |      8.734|  46.159|       -0.690|            |ndRI       |
|  0.9493|          |      8.667|  45.984|       -0.797|            |ndRI       |
|  0.9530|          |      8.616|  46.326|       -0.404|            |ndRI       |
|  0.9545|          |      8.746|  45.901|       -0.959|            |ndRI       |
|  0.9575|          |      8.890|  45.451|       -1.553|            |NC         |
|  0.9608|          |      8.957|  46.209|       -0.862|            |ndRI       |
|  0.9630|          |      9.093|  46.381|       -0.826|            |ndRI       |
|  0.9643|          |      8.014|  44.548|       -1.580|            |ndRI       |
|  0.9652|          |      8.913|  46.028|       -0.999|            |ndRI       |
|  0.9656|  800.6305|      8.469|  48.053|        1.470|    614.8016|RL         |
|  0.9667|          |      9.083|  46.895|       -0.302|            |ndRI       |
|  0.9677|          |      8.743|  45.816|       -1.042|            |ndRI       |
|  0.9680|          |      8.274|  45.283|       -1.106|            |NC         |
|  0.9691|          |      8.443|  44.637|       -1.920|            |ndRI       |
|  0.9710|          |      8.872|  46.038|       -0.949|            |ndRI       |
|  0.9722|          |      8.894|  45.126|       -1.882|            |ndRI       |
|  0.9730|    3.7400|      8.425|  46.271|       -0.268|      2.8774|RL         |
|  0.9768|          |      8.658|  45.978|       -0.794|            |NC         |
|  0.9769|          |      8.829|  45.391|       -1.553|            |           |
|  0.9776|          |      8.780|  45.049|       -1.846|            |NC         |
|  0.9784|          |      8.427|  45.790|       -0.751|            |ndRI       |
|  0.9785|          |      7.723|  44.982|       -0.855|            |NC         |
|  0.9800|          |      8.782|  46.039|       -0.857|            |NC         |
|  0.9822|          |      8.681|  45.214|       -1.581|            |NC         |
|  0.9824|          |      8.976|  46.287|       -0.804|            |ndRI       |
|  0.9830|          |      8.213|  45.977|       -0.350|            |           |
|  0.9830|          |      8.973|  45.732|       -1.354|            |ndRI       |
|  0.9950|          |      8.933|  45.888|       -1.159|            |ndRI       |
|  0.9994|          |      8.140|  45.243|       -1.011|            |ndRI       |
|  0.9997|          |      9.031|  46.676|       -0.469|            |ndRI       |
|  1.0002|          |      9.097|  46.802|       -0.409|            |ndRI       |
|  1.0013|          |      9.171|  46.302|       -0.983|            |ndRI       |
|  1.0026|    4.5605|      8.454|  45.227|       -1.341|      3.5349|RL         |
|  1.0048|          |      8.618|  45.199|       -1.533|            |ndRI       |
|  1.0072|          |      8.822|  46.253|       -0.682|            |ndRI       |
|  1.0103|          |      8.649|  45.563|       -1.199|            |NC         |
|  1.0225|          |      8.828|  45.304|       -1.638|            |ndRI       |
|  1.0238|          |     10.092|  46.753|       -1.453|            |ndRI       |
|  1.0241|          |      9.325|  46.943|       -0.496|            |NC         |
|  1.0245|          |      8.969|  46.816|       -0.267|            |           |
|  1.0271|          |      8.807|  45.846|       -1.075|            |ndRI       |
|  1.0277|          |      8.567|  45.855|       -0.826|            |ndRI       |
|  1.0283|    0.6400|      8.459|  44.747|       -1.826|      0.4992|dRI        |
|  1.0313|          |      9.055|  45.326|       -1.843|            |ndRI       |
|  1.0374|          |      9.004|  46.792|       -0.325|            |ndRI       |
|  1.0408|          |      8.726|  45.194|       -1.646|            |ndRI       |
|  1.0409|          |      8.318|  45.779|       -0.653|            |ndRI       |
|  1.0419|          |      9.099|  46.454|       -0.759|            |ndRI       |
|  1.0447|    3.5906|      8.122|  45.558|       -0.678|      2.8122|RL         |
|  1.0477|          |      9.085|  46.222|       -0.977|            |ndRI       |
|  1.0482|          |      8.278|  46.206|       -0.186|            |NC         |
|  1.0491|          |      8.679|  46.641|       -0.152|            |ndRI       |
|  1.0500|          |      8.537|  45.066|       -1.585|            |ndRI       |
|  1.0525|          |      7.967|  45.690|       -0.391|            |NC         |
|  1.0541|          |      8.724|  46.199|       -0.638|            |ndRI       |
|  1.0574|          |      8.212|  45.638|       -0.688|            |NC         |
|  1.0635|          |      8.075|  45.251|       -0.939|            |NC         |
|  1.0649|          |      8.966|  46.210|       -0.870|            |ndRI       |
|  1.0665|          |      8.749|  46.182|       -0.681|            |ndRI       |
|  1.0744|          |      8.942|  46.264|       -0.792|            |ndRI       |
|  1.0749|          |      8.500|  46.134|       -0.480|            |           |
|  1.0755|          |      8.828|  45.988|       -0.954|            |ndRI       |
|  1.0760|          |      8.493|  46.504|       -0.102|            |           |
|  1.0822|          |      8.744|  45.323|       -1.534|            |ndRI       |
|  1.0833|          |      9.173|  46.401|       -0.886|            |ndRI       |
|  1.0864|          |      9.526|  46.486|       -1.154|            |ndRI       |
|  1.0881|  168.8570|      8.412|  46.338|       -0.187|    133.6446|RL         |
|  1.0893|          |      8.296|  44.740|       -1.670|            |NC         |
|  1.0899|          |      9.162|  46.374|       -0.902|            |NC         |
|  1.0926|          |      7.979|  45.795|       -0.298|            |ndRI       |
|  1.0939|          |      9.251|  45.784|       -1.580|            |ndRI       |
|  1.0963|          |      8.838|  45.688|       -1.264|            |ndRI       |
|  1.1033|          |      8.852|  46.319|       -0.647|            |ndRI       |
|  1.1035|    1.5237|      8.623|  45.573|       -1.164|      1.2104|RL         |
|  1.1050|          |      8.561|  45.267|       -1.408|            |ndRI       |
|  1.1107|          |      8.483|  44.730|       -1.868|            |NC         |
|  1.1109|          |      8.724|  45.773|       -1.065|            |NC         |
|  1.1119|          |      8.910|  46.589|       -0.435|            |ndRI       |
|  1.1122|          |      8.077|  46.296|        0.105|            |NC         |
|  1.1130|          |      8.588|  45.546|       -1.156|            |ndRI       |
|  1.1168|          |      8.660|  46.370|       -0.404|            |ndRI       |
|  1.1181|          |      8.759|  45.967|       -0.905|            |ndRI       |
|  1.1181|          |      8.606|  45.948|       -0.771|            |ndRI       |
|  1.1203|          |      8.593|  46.107|       -0.600|            |           |
|  1.1208|          |      8.626|  46.007|       -0.733|            |ndRI       |
|  1.1294|          |      9.241|  46.276|       -1.078|            |NC         |
|  1.1296|          |      9.527|  45.933|       -1.708|            |ndRI       |
|  1.1315|          |      8.926|  45.659|       -1.381|            |ndRI       |
|  1.1328|   98.5104|      8.285|  46.431|        0.032|     78.7992|RL         |
|  1.1343|          |      8.440|  44.947|       -1.607|            |NC         |
|  1.1351|          |      8.707|  45.356|       -1.465|            |ndRI       |
|  1.1356|   11.8717|      8.639|  45.903|       -0.850|      9.5024|ndRI       |
|  1.1363|          |      8.625|  46.667|       -0.071|            |ndRI       |
|  1.1382|          |      8.151|  45.675|       -0.589|            |NC         |
|  1.1422|          |      8.953|  46.143|       -0.923|            |ndRI       |
|  1.1423|          |      8.507|  46.333|       -0.288|            |ndRI       |
|  1.1507|          |      8.680|  46.953|        0.159|            |ndRI       |
|  1.1507|          |      9.551|  46.234|       -1.431|            |ndRI       |
|  1.1525|          |      9.045|  45.793|       -1.367|            |ndRI       |
|  1.1534|          |      9.293|  46.271|       -1.136|            |ndRI       |
|  1.1555|          |      9.347|  47.174|       -0.286|            |ndRI       |
|  1.1557|          |      8.738|  46.003|       -0.849|            |ndRI       |
|  1.1558|          |      9.064|  46.423|       -0.755|            |ndRI       |
|  1.1565|    0.7831|      7.926|  46.579|        0.539|      0.6299|RL         |
|  1.1580|          |      8.743|  45.480|       -1.377|            |ndRI       |
|  1.1582|          |      9.235|  46.756|       -0.593|            |ndRI       |
|  1.1604|          |      9.050|  45.600|       -1.564|            |ndRI       |
|  1.1607|          |      8.277|  46.255|       -0.136|            |NC         |
|  1.1628|          |      9.297|  46.086|       -1.325|            |ndRI       |
|  1.1630|          |      8.703|  45.326|       -1.491|            |NC         |
|  1.1637|          |      8.081|  43.990|       -2.205|            |NC         |
|  1.1637|          |      8.810|  46.518|       -0.407|            |ndRI       |
|  1.1661|          |      9.182|  46.291|       -1.005|            |ndRI       |
|  1.1688|          |      9.242|  46.924|       -0.432|            |ndRI       |
|  1.1696|          |      8.488|  45.547|       -1.055|            |NC         |
|  1.1718|          |      8.558|  45.789|       -0.882|            |NC         |
|  1.1736|          |      8.365|  45.797|       -0.682|            |NC         |
|  1.1784|          |      8.877|  45.858|       -1.133|            |NC         |
|  1.1785|          |      9.749|  46.155|       -1.708|            |ndRI       |
|  1.1789|          |      9.071|  46.508|       -0.677|            |ndRI       |
|  1.1796|          |      8.338|  45.150|       -1.302|            |ndRI       |
|  1.1814|          |      8.921|  46.055|       -0.980|            |ndRI       |
|  1.1824|          |      9.001|  46.169|       -0.946|            |ndRI       |
|  1.1842|    6.4492|      8.640|  45.307|       -1.446|      5.2205|RL         |
|  1.1843|          |      8.782|  46.451|       -0.445|            |ndRI       |
|  1.1858|          |      8.557|  46.149|       -0.522|            |ndRI       |
|  1.1871|          |      8.833|  46.449|       -0.498|            |ndRI       |
|  1.1883|          |      8.735|  45.701|       -1.148|            |NC         |
|  1.1901|          |      9.493|  46.503|       -1.104|            |NC         |
|  1.1904|          |      9.114|  46.027|       -1.200|            |ndRI       |
|  1.1933|          |      9.267|  46.369|       -1.012|            |NC         |
|  1.1953|          |      8.828|  45.970|       -0.972|            |ndRI       |
|  1.1966|          |      8.916|  46.672|       -0.358|            |NC         |
|  1.1993|          |      8.114|  45.347|       -0.881|            |NC         |
|  1.2012|          |      8.342|  45.495|       -0.961|            |NC         |
|  1.2027|          |      8.884|  45.945|       -1.053|            |ndRI       |
|  1.2046|          |      8.429|  46.808|        0.266|            |NC         |
|  1.2049|    1.5475|      8.922|  46.179|       -0.857|      1.2586|dRI        |
|  1.2069|          |      9.082|  46.392|       -0.804|            |NC         |
|  1.2075|          |      9.203|  46.944|       -0.372|            |ndRI       |
|  1.2077|    0.9770|      8.627|  45.821|       -0.919|      0.7951|RL         |
|  1.2118|   48.3584|      8.302|  47.009|        0.593|     39.3914|RL         |
|  1.2130|          |      8.267|  46.541|        0.160|            |NC         |
|  1.2133|          |      9.117|  45.784|       -1.447|            |ndRI       |
|  1.2157|          |      9.136|  45.894|       -1.357|            |ndRI       |
|  1.2166|          |      9.086|  45.737|       -1.464|            |ndRI       |
|  1.2215|          |      8.782|  46.184|       -0.712|            |           |
|  1.2216|          |      9.066|  46.209|       -0.972|            |ndRI       |
|  1.2234|          |      9.093|  46.484|       -0.723|            |ndRI       |
|  1.2256|          |      8.480|  45.771|       -0.823|            |           |
|  1.2270|          |      9.195|  46.415|       -0.893|            |ndRI       |
|  1.2294|          |      8.468|  45.819|       -0.764|            |ndRI       |
|  1.2321|          |      8.872|  46.491|       -0.495|            |NC         |
|  1.2321|          |      8.989|  45.745|       -1.358|            |NC         |
|  1.2339|          |      9.230|  46.249|       -1.095|            |NC         |
|  1.2346|          |      9.033|  46.415|       -0.733|            |NC         |
|  1.2346|   10.9869|      9.157|  45.455|       -1.816|      8.9958|NC         |
|  1.2348|          |      9.183|  46.383|       -0.913|            |ndRI       |
|  1.2355|          |      8.415|  46.046|       -0.483|            |NC         |
|  1.2358|          |      8.773|  45.904|       -0.982|            |NC         |
|  1.2445|          |      8.370|  45.103|       -1.381|            |           |
|  1.2482|          |      8.622|  45.921|       -0.815|            |ndRI       |
|  1.2485|          |      9.171|  44.974|       -2.311|            |ndRI       |
|  1.2492|          |      8.506|  45.217|       -1.403|            |ndRI       |
|  1.2510|          |      8.572|  46.020|       -0.666|            |ndRI       |
|  1.2542|          |      9.016|  47.021|       -0.109|            |ndRI       |
|  1.2543|          |      8.714|  46.003|       -0.825|            |ndRI       |
|  1.2591|          |      8.737|  46.008|       -0.843|            |NC         |
|  1.2647|          |      9.167|  46.368|       -0.913|            |ndRI       |
|  1.2665|   98.7729|      8.722|  45.693|       -1.143|     81.4476|ndRI       |
|  1.2671|          |      8.595|  45.278|       -1.430|            |           |
|  1.2686|          |      8.718|  47.022|        0.191|            |ndRI       |
|  1.2691|          |      8.683|  46.276|       -0.521|            |NC         |
|  1.2725|          |      8.865|  45.818|       -1.161|            |ndRI       |
|  1.2754|          |      9.054|  46.457|       -0.711|            |ndRI       |
|  1.2759|          |      9.289|  46.550|       -0.853|            |ndRI       |
|  1.2772|          |      8.167|  46.485|        0.204|            |NC         |
|  1.2791|  684.6645|      9.171|  47.052|       -0.233|    566.1315|RL         |
|  1.2794|          |      8.643|  45.261|       -1.496|            |NC         |
|  1.2797|          |      9.271|  46.113|       -1.271|            |ndRI       |
|  1.2819|          |      9.014|  46.594|       -0.535|            |ndRI       |
|  1.2846|          |      8.769|  46.209|       -0.673|            |NC         |
|  1.2848|          |      9.582|  45.997|       -1.698|            |ndRI       |
|  1.2855|          |      8.725|  46.413|       -0.426|            |NC         |
|  1.2872|          |      8.650|  46.373|       -0.391|            |NC         |
|  1.2882|          |      9.123|  46.931|       -0.305|            |           |
|  1.2923|          |      8.249|  46.230|       -0.133|            |NC         |
|  1.2925|          |      9.500|  45.354|       -2.260|            |RQ         |
|  1.2934|          |      9.141|  46.800|       -0.455|            |ndRI       |
|  1.2947|          |      8.855|  46.056|       -0.913|            |NC         |
|  1.2968|          |      9.184|  46.437|       -0.861|            |           |
|  1.2974|          |      8.939|  45.532|       -1.521|            |NC         |
|  1.3061|          |      8.508|  45.683|       -0.939|            |NC         |
|  1.3091|          |      9.074|  46.594|       -0.594|            |ndRI       |
|  1.3186|          |      8.728|  45.811|       -1.032|            |NC         |
|  1.3212|          |      8.857|  46.510|       -0.461|            |ndRI       |
|  1.3216|    1.6965|      8.561|  45.134|       -1.541|      1.4158|NC         |
|  1.3259|          |      8.625|  46.447|       -0.293|            |NC         |
|  1.3262|          |      9.276|  46.274|       -1.117|            |ndRI       |
|  1.3274|          |      9.174|  45.526|       -1.762|            |ndRI       |
|  1.3295|          |      8.852|  45.332|       -1.633|            |ndRI       |
|  1.3311|          |      8.594|  46.128|       -0.580|            |ndRI       |
|  1.3320|          |      8.633|  46.063|       -0.684|            |NC         |
|  1.3346|          |      9.259|  46.129|       -1.244|            |ndRI       |
|  1.3384|          |      8.637|  45.519|       -1.232|            |NC         |
|  1.3389|          |      8.682|  45.514|       -1.281|            |ndRI       |
|  1.3404|          |      9.395|  45.048|       -2.461|            |ndRI       |
|  1.3432|          |      8.687|  46.112|       -0.689|            |NC         |
|  1.3436|          |      9.432|  46.223|       -1.323|            |NC         |
|  1.3437|          |      9.590|  46.557|       -1.147|            |NC         |
|  1.3459|          |      8.845|  45.316|       -1.643|            |ndRI       |
|  1.3463|          |      8.668|  46.055|       -0.727|            |ndRI       |
|  1.3483|          |      8.866|  46.008|       -0.972|            |ndRI       |
|  1.3490|          |      8.382|  45.486|       -1.010|            |           |
|  1.3505|          |      9.159|  46.020|       -1.254|            |ndRI       |
|  1.3548|          |      8.220|  46.223|       -0.111|            |NC         |
|  1.3551|          |      8.606|  45.020|       -1.700|            |NC         |
|  1.3570|          |      9.025|  45.862|       -1.278|            |ndRI       |
|  1.3597|          |      8.578|  46.679|       -0.013|            |ndRI       |
|  1.3597|          |      9.291|  46.514|       -0.891|            |ndRI       |
|  1.3616|          |      8.452|  46.149|       -0.417|            |NC         |
|  1.3617|          |      9.169|  46.523|       -0.760|            |ndRI       |
|  1.3632|          |      8.993|  45.272|       -1.834|            |NC         |
|  1.3636|          |      8.783|  46.473|       -0.424|            |ndRI       |
|  1.3757|          |      8.822|  45.655|       -1.281|            |NC         |
|  1.3767|          |      8.648|  45.352|       -1.410|            |NC         |
|  1.3775|    3.4517|      9.171|  48.079|        0.794|      2.9151|dRI        |
|  1.3804|          |      9.089|  46.372|       -0.831|            |ndRI       |
|  1.3806|    1.4105|      9.026|  46.668|       -0.472|      1.1920|dRI        |
|  1.3823|          |      9.302|  45.955|       -1.461|            |ndRI       |
|  1.3835|          |      9.058|  46.631|       -0.541|            |ndRI       |
|  1.3860|          |      8.999|  46.468|       -0.646|            |ndRI       |
|  1.3878|          |      8.913|  45.704|       -1.323|            |ndRI       |
|  1.3885|          |      9.146|  46.505|       -0.755|            |ndRI       |
|  1.3898|          |      8.823|  46.091|       -0.845|            |           |
|  1.3900|  206.1015|      9.091|  47.117|       -0.088|    174.5193|RL         |
|  1.3901|          |      9.117|  46.745|       -0.486|            |ndRI       |
|  1.3902|          |      9.063|  46.386|       -0.791|            |ndRI       |
|  1.3922|          |      9.147|  45.214|       -2.047|            |           |
|  1.3968|   12.9486|      9.308|  46.464|       -0.959|     10.9798|RL         |
|  1.3970|          |      9.234|  46.044|       -1.304|            |ndRI       |
|  1.4000|          |      8.757|  46.270|       -0.601|            |           |
|  1.4015|          |      8.822|  45.753|       -1.183|            |           |
|  1.4026|          |      9.011|  46.707|       -0.418|            |ndRI       |
|  1.4034|          |      8.964|  45.515|       -1.562|            |ndRI       |
|  1.4040|          |      8.986|  46.106|       -0.994|            |NC         |
|  1.4042|          |      8.750|  46.178|       -0.686|            |NC         |
|  1.4050|    4.6233|      9.453|  46.484|       -1.083|      3.9272|RL         |
|  1.4070|          |      9.155|  45.894|       -1.374|            |ndRI       |
|  1.4073|          |      8.983|  46.415|       -0.682|            |NC         |
|  1.4120|          |      8.909|  46.436|       -0.588|            |NC         |
|  1.4151|          |      8.975|  46.253|       -0.836|            |ndRI       |
|  1.4172|    2.2010|      7.741|  46.443|        0.588|      1.8743|RL         |
|  1.4182|          |      9.352|  46.257|       -1.209|            |ndRI       |
|  1.4218|    3.8065|      8.884|  44.560|       -2.437|      3.2446|RL         |
|  1.4237|          |      8.021|  46.724|        0.589|            |NC         |
|  1.4253| 1283.4204|      9.143|  48.137|        0.879|   1094.7410|RL         |
|  1.4300|          |      8.832|  45.528|       -1.418|            |ndRI       |
|  1.4324|          |      8.896|  45.725|       -1.285|            |NC         |
|  1.4342|          |      8.781|  46.642|       -0.253|            |ndRI       |
|  1.4423|          |      8.771|  46.275|       -0.610|            |NC         |
|  1.4448|    4.7779|      9.103|  46.363|       -0.854|      4.0919|RL         |
|  1.4495|          |      8.408|  46.564|        0.042|            |ndRI       |
|  1.4527|          |      9.628|  46.912|       -0.830|            |NC         |
|  1.4536|   10.2799|      9.548|  46.638|       -1.024|      8.8196|RL         |
|  1.4592|    1.5973|      8.979|  45.710|       -1.384|      1.3720|NC         |
|  1.4615|          |      8.773|  46.564|       -0.323|            |NC         |
|  1.4625|          |      9.126|  46.252|       -0.988|            |ndRI       |
|  1.4637|          |      8.580|  46.425|       -0.269|            |ndRI       |
|  1.4658|          |      8.944|  46.296|       -0.762|            |NC         |
|  1.4665|          |      8.727|  46.522|       -0.319|            |ndRI       |
|  1.4678|    5.0549|      8.992|  47.049|       -0.057|      4.3494|RL         |
|  1.4714|          |      8.694|  46.584|       -0.224|            |ndRI       |
|  1.4719|    1.3168|      8.923|  45.999|       -1.038|      1.1340|dRI        |
|  1.4747|          |      9.626|  47.268|       -0.472|            |RQ         |
|  1.4765|          |      8.680|  45.781|       -1.014|            |ndRI       |
|  1.4777|          |      8.846|  46.062|       -0.898|            |ndRI       |
|  1.4804|          |      8.975|  46.756|       -0.332|            |ndRI       |
|  1.4846|          |      8.444|  45.521|       -1.037|            |NC         |
|  1.4861|          |      9.095|  45.573|       -1.636|            |ndRI       |
|  1.4865|          |      8.998|  45.968|       -1.144|            |ndRI       |
|  1.4868|  267.7346|      8.472|  46.118|       -0.469|    231.2498|RL         |
|  1.4868|          |      8.990|  46.467|       -0.638|            |ndRI       |
|  1.4872|          |      9.233|  45.566|       -1.781|            |NC         |
|  1.4894|          |      8.806|  46.663|       -0.256|            |ndRI       |
|  1.4912|          |      8.466|  45.322|       -1.258|            |ndRI       |
|  1.4934|  156.0718|      8.664|  47.348|        0.569|    134.9836|RL         |
|  1.4937|          |      8.982|  46.515|       -0.581|            |ndRI       |
|  1.4970|          |      9.275|  45.875|       -1.515|            |NC         |
|  1.4971|          |      9.204|  46.558|       -0.760|            |ndRI       |
|  1.5000|          |      8.905|  45.845|       -1.174|            |           |
|  1.5029|          |      8.999|  45.539|       -1.575|            |NC         |
|  1.5041|          |      8.714|  46.567|       -0.260|            |NC         |
|  1.5045|          |      8.715|  46.124|       -0.705|            |NC         |
|  1.5066|   35.1565|      8.496|  47.048|        0.439|     30.4867|RL         |
|  1.5079|          |      9.062|  45.190|       -1.985|            |ndRI       |
|  1.5095|          |      8.879|  47.048|        0.055|            |NC         |
|  1.5103|    1.0417|      9.174|  45.802|       -1.486|      0.9040|NC         |
|  1.5110|          |      8.444|  46.081|       -0.477|            |NC         |
|  1.5142|   44.1249|      9.261|  46.868|       -0.507|     38.3216|RL         |
|  1.5143|          |      8.887|  46.287|       -0.714|            |           |
|  1.5144|          |      8.970|  46.433|       -0.651|            |ndRI       |
|  1.5163|          |      8.277|  46.043|       -0.348|            |NC         |
|  1.5183|          |      8.984|  46.136|       -0.962|            |ndRI       |
|  1.5188|          |      8.472|  46.114|       -0.472|            |NC         |
|  1.5189|          |      8.968|  46.352|       -0.729|            |NC         |
|  1.5193|          |      9.094|  46.019|       -1.189|            |ndRI       |
|  1.5203|          |      9.180|  46.624|       -0.670|            |ndRI       |
|  1.5210|          |      9.027|  46.339|       -0.802|            |ndRI       |
|  1.5210|          |      9.054|  46.534|       -0.633|            |NC         |
|  1.5238|          |      9.194|  46.068|       -1.241|            |ndRI       |
|  1.5244|          |      8.479|  45.359|       -1.234|            |NC         |
|  1.5244|          |      9.053|  45.415|       -1.752|            |ndRI       |
|  1.5271|          |      9.105|  46.239|       -0.980|            |ndRI       |
|  1.5328|          |      9.014|  46.044|       -1.084|            |ndRI       |
|  1.5344|          |      9.010|  46.693|       -0.432|            |ndRI       |
|  1.5350|          |      9.135|  46.255|       -0.994|            |ndRI       |
|  1.5353|          |      8.902|  46.318|       -0.698|            |NC         |
|  1.5356|          |      9.682|  46.118|       -1.679|            |           |
|  1.5356|          |      8.808|  45.974|       -0.947|            |NC         |
|  1.5366|          |      9.067|  46.757|       -0.424|            |ndRI       |
|  1.5373|          |      9.151|  46.103|       -1.162|            |ndRI       |
|  1.5375|          |      8.702|  46.536|       -0.280|            |NC         |
|  1.5393|          |      9.054|  45.988|       -1.180|            |ndRI       |
|  1.5452|          |      9.215|  46.558|       -0.771|            |ndRI       |
|  1.5477|          |      9.706|  46.402|       -1.417|            |           |
|  1.5487|          |      9.345|  45.740|       -1.719|            |ndRI       |
|  1.5489|          |      8.417|  46.127|       -0.404|            |NC         |
|  1.5489|          |      8.913|  45.614|       -1.414|            |ndRI       |
|  1.5508|          |      8.861|  45.829|       -1.147|            |NC         |
|  1.5510|          |      9.129|  45.993|       -1.250|            |ndRI       |
|  1.5510|          |      8.375|  45.925|       -0.564|            |NC         |
|  1.5519|          |      9.444|  46.527|       -1.031|            |ndRI       |
|  1.5525|          |      8.365|  46.013|       -0.465|            |NC         |
|  1.5536|          |      9.412|  45.743|       -1.783|            |ndRI       |
|  1.5563|          |      8.665|  46.424|       -0.356|            |ndRI       |
|  1.5571|          |      8.695|  46.113|       -0.696|            |NC         |
|  1.5586|   11.1418|      8.955|  47.205|        0.136|      9.7616|RL         |
|  1.5596|          |      8.167|  46.041|       -0.239|            |NC         |
|  1.5602|          |      8.836|  46.388|       -0.562|            |ndRI       |
|  1.5603|          |      8.633|  45.402|       -1.345|            |NC         |
|  1.5606|          |      8.837|  46.073|       -0.878|            |NC         |
|  1.5618|          |      9.347|  46.577|       -0.884|            |ndRI       |
|  1.5626|          |      8.800|  46.162|       -0.752|            |NC         |
|  1.5638|          |      8.737|  45.847|       -1.005|            |NC         |
|  1.5652|          |      9.154|  46.497|       -0.771|            |ndRI       |
|  1.5685|    2.5122|      9.154|  46.201|       -1.067|      2.2053|RL         |
|  1.5699|          |      8.382|  45.978|       -0.518|            |NC         |
|  1.5708|          |      8.842|  44.596|       -2.360|            |NC         |
|  1.5746|          |      9.299|  46.600|       -0.813|            |ndRI       |
|  1.5770|          |      9.267|  46.496|       -0.885|            |ndRI       |
|  1.5783|          |      9.070|  46.342|       -0.843|            |ndRI       |
|  1.5818|          |      9.072|  46.565|       -0.621|            |NC         |
|  1.5826|          |      8.654|  46.074|       -0.695|            |           |
|  1.5828|    3.5341|      8.568|  46.769|        0.087|      3.1109|RL         |
|  1.5849|          |      9.182|  45.956|       -1.340|            |NC         |
|  1.5880|          |      8.996|  46.046|       -1.064|            |NC         |
|  1.5893|          |      9.205|  45.961|       -1.359|            |ndRI       |
|  1.5912|          |      9.358|  46.243|       -1.229|            |ndRI       |
|  1.5916|          |      8.919|  47.261|        0.228|            |NC         |
|  1.5919|          |      9.032|  46.453|       -0.693|            |           |
|  1.5926|          |      8.786|  46.337|       -0.563|            |ndRI       |
|  1.5929|          |      8.972|  47.055|       -0.030|            |ndRI       |
|  1.5935|          |      8.705|  46.030|       -0.789|            |NC         |
|  1.5949|          |      9.449|  46.857|       -0.706|            |ndRI       |
|  1.5957|          |      9.211|  46.171|       -1.154|            |ndRI       |
|  1.5973|          |      9.588|  46.808|       -0.895|            |ndRI       |
|  1.5976|          |      8.276|  46.139|       -0.251|            |           |
|  1.5985|          |      9.096|  46.653|       -0.556|            |NC         |
|  1.5993|          |      9.267|  46.489|       -0.892|            |ndRI       |
|  1.5997|          |      8.806|  46.210|       -0.709|            |ndRI       |
|  1.6001|          |      8.956|  45.307|       -1.763|            |ndRI       |
|  1.6036|          |      8.742|  45.899|       -0.957|            |ndRI       |
|  1.6047|          |      8.774|  46.289|       -0.599|            |NC         |
|  1.6047|          |      9.152|  46.347|       -0.919|            |ndRI       |
|  1.6058|          |      8.844|  46.457|       -0.501|            |ndRI       |
|  1.6084|          |      8.143|  45.788|       -0.468|            |NC         |
|  1.6098|          |      9.155|  46.600|       -0.669|            |ndRI       |
|  1.6108|    2.0600|      9.383|  46.115|       -1.382|      1.8231|RL         |
|  1.6127|          |      9.083|  45.990|       -1.207|            |NC         |
|  1.6138|          |      9.940|  46.652|       -1.402|            |ndRI       |
|  1.6168|          |      9.141|  46.888|       -0.368|            |ndRI       |
|  1.6180|          |      8.681|  46.135|       -0.660|            |NC         |
|  1.6274|          |      8.142|  45.677|       -0.579|            |NC         |
|  1.6295|          |      8.826|  46.693|       -0.247|            |ndRI       |
|  1.6319|  100.4327|      9.284|  48.110|        0.712|     89.2423|RL         |
|  1.6326|          |      8.494|  46.337|       -0.271|            |NC         |
|  1.6352|          |      8.766|  45.825|       -1.055|            |ndRI       |
|  1.6376|          |      9.344|  46.629|       -0.829|            |ndRI       |
|  1.6404|          |      8.638|  45.861|       -0.891|            |NC         |
|  1.6428|          |      9.497|  46.955|       -0.656|            |ndRI       |
|  1.6459|          |      9.032|  46.511|       -0.634|            |ndRI       |
|  1.6472|          |      8.610|  45.835|       -0.889|            |ndRI       |
|  1.6520|          |      9.036|  44.515|       -2.635|            |NC         |
|  1.6557|          |      8.719|  46.037|       -0.796|            |ndRI       |
|  1.6558|          |      9.114|  46.154|       -1.074|            |ndRI       |
|  1.6562|          |      9.071|  45.976|       -1.209|            |ndRI       |
|  1.6573|          |      9.157|  46.076|       -1.195|            |NC         |
|  1.6605|          |      9.273|  46.550|       -0.838|            |ndRI       |
|  1.6614|          |      8.881|  45.905|       -1.089|            |NC         |
|  1.6643|          |      9.189|  46.798|       -0.505|            |ndRI       |
|  1.6644|          |      8.064|  46.093|       -0.084|            |NC         |
|  1.6673|          |      9.308|  46.558|       -0.864|            |ndRI       |
|  1.6678|          |      9.217|  46.383|       -0.947|            |ndRI       |
|  1.6684|          |      8.482|  47.023|        0.428|            |ndRI       |
|  1.6695|          |      9.029|  45.913|       -1.230|            |ndRI       |
|  1.6698|    3.1300|      9.035|  45.986|       -1.164|      2.8012|RL         |
|  1.6710|          |      8.311|  47.027|        0.603|            |NC         |
|  1.6712|          |      8.649|  46.733|       -0.030|            |NC         |
|  1.6729|    5.3789|      8.843|  47.000|        0.043|      4.8167|NC         |
|  1.6754|          |      8.640|  46.358|       -0.396|            |NC         |
|  1.6759|   19.4091|      9.091|  47.108|       -0.097|     17.3899|RL         |
|  1.6780|          |      9.035|  46.515|       -0.633|            |NC         |
|  1.6803|          |      9.158|  46.501|       -0.771|            |ndRI       |
|  1.6830|          |      9.350|  46.235|       -1.229|            |ndRI       |
|  1.6862|          |      8.845|  45.819|       -1.139|            |NC         |
|  1.6903|          |      9.442|  46.395|       -1.161|            |ndRI       |
|  1.6926|          |      9.727|  47.378|       -0.463|            |ndRI       |
|  1.6973|          |      8.941|  46.251|       -0.804|            |ndRI       |
|  1.7014|          |      8.985|  46.147|       -0.952|            |NC         |
|  1.7027|          |      8.868|  46.015|       -0.967|            |ndRI       |
|  1.7047|          |      8.861|  45.617|       -1.358|            |NC         |
|  1.7061|          |      8.555|  46.939|        0.270|            |ndRI       |
|  1.7108|          |      9.291|  46.769|       -0.637|            |ndRI       |
|  1.7116|          |      9.049|  46.036|       -1.126|            |ndRI       |
|  1.7134|          |      8.583|  46.241|       -0.456|            |ndRI       |
|  1.7146|          |      8.873|  46.637|       -0.350|            |ndRI       |
|  1.7151|          |      8.838|  46.577|       -0.375|            |ndRI       |
|  1.7160|          |      8.585|  45.472|       -1.227|            |NC         |
|  1.7161|          |      8.332|  46.092|       -0.353|            |NC         |
|  1.7165|          |      9.298|  46.744|       -0.668|            |ndRI       |
|  1.7210|          |      9.195|  46.126|       -1.182|            |ndRI       |
|  1.7218|          |      8.707|  46.032|       -0.790|            |NC         |
|  1.7221|          |      8.926|  46.603|       -0.437|            |ndRI       |
|  1.7228|          |      9.198|  46.498|       -0.813|            |           |
|  1.7233|          |      9.028|  46.346|       -0.796|            |ndRI       |
|  1.7270|          |      9.102|  46.176|       -1.040|            |ndRI       |
|  1.7297|          |      9.700|  47.130|       -0.684|            |NC         |
|  1.7348|          |      9.036|  46.394|       -0.756|            |ndRI       |
|  1.7350|          |      9.585|  47.923|        0.224|            |RQ         |
|  1.7396|          |      9.133|  45.440|       -1.807|            |NC         |
|  1.7491|          |      8.363|  45.745|       -0.733|            |NC         |
|  1.7495|          |      9.207|  46.337|       -0.985|            |ndRI       |
|  1.7509|          |      8.577|  45.317|       -1.374|            |NC         |
|  1.7512|          |      8.775|  45.845|       -1.044|            |NC         |
|  1.7535|          |      8.582|  46.390|       -0.306|            |NC         |
|  1.7535|          |      8.727|  46.602|       -0.239|            |ndRI       |
|  1.7541|          |      9.076|  46.497|       -0.693|            |ndRI       |
|  1.7573|          |      9.165|  47.067|       -0.213|            |ndRI       |
|  1.7580|          |      9.168|  46.056|       -1.226|            |ndRI       |
|  1.7609|          |      8.989|  46.231|       -0.872|            |ndRI       |
|  1.7613|          |      9.042|  45.970|       -1.186|            |ndRI       |
|  1.7614|          |      8.769|  46.198|       -0.685|            |NC         |
|  1.7623|          |      8.797|  46.912|        0.001|            |NC         |
|  1.7651|          |      9.190|  46.097|       -1.207|            |ndRI       |
|  1.7678|          |      9.420|  46.254|       -1.280|            |NC         |
|  1.7684|          |      8.943|  47.091|        0.034|            |           |
|  1.7706|          |      9.498|  46.528|       -1.084|            |NC         |
|  1.7716|          |      9.077|  46.585|       -0.606|            |NC         |
|  1.7723|          |      9.199|  45.253|       -2.060|            |NC         |
|  1.7750|          |      9.050|  45.876|       -1.288|            |ndRI       |
|  1.7754|          |      8.510|  46.450|       -0.174|            |NC         |
|  1.7784|          |      8.856|  46.225|       -0.746|            |NC         |
|  1.7785|          |      8.894|  46.768|       -0.240|            |NC         |
|  1.7836|          |      9.248|  46.805|       -0.557|            |ndRI       |
|  1.7865|          |      9.250|  46.352|       -1.012|            |NC         |
|  1.7873|          |      9.101|  46.616|       -0.599|            |ndRI       |
|  1.7885|          |      9.433|  46.407|       -1.139|            |ndRI       |
|  1.7896|          |      9.236|  46.143|       -1.207|            |NC         |
|  1.7896|          |      9.240|  46.419|       -0.934|            |ndRI       |
|  1.7915|          |      9.691|  45.955|       -1.850|            |ndRI       |
|  1.7925|          |      9.135|  46.363|       -0.886|            |NC         |
|  1.7940|          |      8.978|  46.462|       -0.630|            |ndRI       |
|  1.7954|          |      8.810|  46.392|       -0.533|            |ndRI       |
|  1.7961|          |      8.855|  46.310|       -0.658|            |NC         |
|  1.7977|          |      9.055|  46.830|       -0.339|            |ndRI       |
|  1.7996|          |      8.699|  46.554|       -0.259|            |NC         |
|  1.8001|          |      8.519|  46.696|        0.063|            |NC         |
|  1.8005|          |      8.579|  46.540|       -0.153|            |NC         |
|  1.8013|          |      8.883|  46.410|       -0.588|            |NC         |
|  1.8039|          |      8.940|  46.366|       -0.688|            |NC         |
|  1.8056|          |      8.991|  46.390|       -0.715|            |NC         |
|  1.8089|          |      8.738|  46.124|       -0.728|            |NC         |
|  1.8096|          |      9.039|  46.070|       -1.083|            |ndRI       |
|  1.8111|          |      8.786|  46.787|       -0.113|            |NC         |
|  1.8118|          |      9.275|  45.696|       -1.693|            |NC         |
|  1.8124|          |      9.346|  46.597|       -0.863|            |ndRI       |
|  1.8134|          |      8.824|  46.207|       -0.731|            |ndRI       |
|  1.8155|          |      9.407|  46.446|       -1.074|            |ndRI       |
|  1.8162|          |      9.053|  46.602|       -0.564|            |ndRI       |
|  1.8174|          |      9.315|  46.565|       -0.864|            |ndRI       |
|  1.8223|          |      8.899|  46.779|       -0.234|            |ndRI       |
|  1.8250|          |      9.060|  46.931|       -0.244|            |NC         |
|  1.8257|          |      8.920|  46.268|       -0.766|            |ndRI       |
|  1.8339|          |      8.923|  46.475|       -0.562|            |ndRI       |
|  1.8342|          |      8.345|  45.733|       -0.726|            |NC         |
|  1.8382|    2.9204|      9.256|  45.959|       -1.410|      2.6948|RL         |
|  1.8387|          |      9.143|  46.660|       -0.597|            |           |
|  1.8399|          |      8.797|  46.155|       -0.756|            |NC         |
|  1.8407|          |      8.530|  45.598|       -1.046|            |ndRI       |
|  1.8435|    1.0500|      8.652|  46.193|       -0.572|      0.9698|RL         |
|  1.8471|          |      8.826|  46.589|       -0.351|            |NC         |
|  1.8474|          |      8.611|  46.112|       -0.613|            |NC         |
|  1.8505|          |      8.265|  45.459|       -0.920|            |NC         |
|  1.8542|          |      8.942|  45.508|       -1.547|            |           |
|  1.8553|          |      9.291|  46.580|       -0.825|            |ndRI       |
|  1.8577|          |      9.403|  46.903|       -0.614|            |ndRI       |
|  1.8594|          |      8.602|  46.089|       -0.627|            |NC         |
|  1.8609|    1.0897|      9.466|  47.198|       -0.382|      1.0096|dRI        |
|  1.8628|          |      8.863|  46.845|       -0.132|            |ndRI       |
|  1.8630|          |      9.109|  46.176|       -1.047|            |NC         |
|  1.8643|          |      8.689|  46.410|       -0.392|            |NC         |
|  1.8664|          |      9.394|  46.373|       -1.134|            |ndRI       |
|  1.8665|          |      8.780|  46.511|       -0.383|            |NC         |
|  1.8672|          |      9.057|  46.447|       -0.724|            |NC         |
|  1.8711|          |      8.666|  46.741|       -0.039|            |NC         |
|  1.8722|          |      9.437|  46.810|       -0.741|            |ndRI       |
|  1.8731|          |      8.113|  46.290|        0.063|            |NC         |
|  1.8733|  264.3662|      8.577|  47.245|        0.554|    245.4475|RL         |
|  1.8743|    4.8700|      8.801|  45.481|       -1.434|      4.5223|RL         |
|  1.8770|          |      8.948|  46.973|       -0.089|            |ndRI       |
|  1.8774|          |      8.925|  46.469|       -0.571|            |ndRI       |
|  1.8778|          |      8.273|  46.193|       -0.194|            |NC         |
|  1.8804|          |      8.658|  45.691|       -1.081|            |NC         |
|  1.8837|          |      8.732|  46.016|       -0.830|            |NC         |
|  1.8853|          |      8.067|  46.647|        0.466|            |ndRI       |
|  1.8870|          |      8.740|  45.581|       -1.273|            |ndRI       |
|  1.8871|          |      8.797|  46.632|       -0.278|            |NC         |
|  1.8886|          |      9.378|  46.337|       -1.155|            |NC         |
|  1.8921|   16.1306|      8.455|  46.552|       -0.016|     15.0251|RL         |
|  1.8945|   78.2834|      9.347|  47.260|       -0.202|     72.9485|RL         |
|  1.8946|          |      9.062|  46.918|       -0.258|            |ndRI       |
|  1.8986|          |      9.049|  46.465|       -0.698|            |ndRI       |
|  1.8987|          |      9.093|  45.593|       -1.614|            |NC         |
|  1.8987|          |      9.185|  46.575|       -0.725|            |ndRI       |
|  1.8990|          |      8.742|  46.117|       -0.739|            |NC         |
|  1.8995|          |      9.063|  46.376|       -0.801|            |ndRI       |
|  1.9005|          |      8.851|  46.034|       -0.930|            |ndRI       |
|  1.9022|          |      8.768|  46.228|       -0.654|            |NC         |
|  1.9076|          |      9.834|  46.937|       -1.011|            |ndRI       |
|  1.9081|          |      8.803|  46.092|       -0.825|            |ndRI       |
|  1.9119|          |      9.472|  46.983|       -0.604|            |ndRI       |
|  1.9123|          |      9.049|  46.038|       -1.125|            |ndRI       |
|  1.9149|          |      9.099|  47.470|        0.257|            |ndRI       |
|  1.9151|          |      9.216|  46.418|       -0.912|            |ndRI       |
|  1.9190|    0.8427|      8.680|  46.530|       -0.264|      0.7886|RL         |
|  1.9201|          |      9.060|  46.454|       -0.721|            |ndRI       |
|  1.9203|          |      9.353|  46.292|       -1.175|            |ndRI       |
|  1.9206|          |      8.643|  46.788|        0.031|            |NC         |
|  1.9226|          |      8.667|  46.221|       -0.560|            |NC         |
|  1.9229|          |      9.068|  45.948|       -1.234|            |NC         |
|  1.9233|          |      9.079|  46.584|       -0.610|            |ndRI       |
|  1.9233|          |      8.994|  46.680|       -0.428|            |ndRI       |
|  1.9235|          |      9.137|  46.138|       -1.113|            |NC         |
|  1.9261|          |      9.904|  47.375|       -0.642|            |ndRI       |
|  1.9301|          |      9.158|  46.435|       -0.836|            |ndRI       |
|  1.9314|          |      8.866|  46.265|       -0.715|            |NC         |
|  1.9321|          |      9.097|  46.491|       -0.720|            |ndRI       |
|  1.9336|          |      8.580|  46.188|       -0.506|            |NC         |
|  1.9338|          |      8.622|  46.407|       -0.329|            |ndRI       |
|  1.9341|          |      8.828|  46.538|       -0.404|            |ndRI       |
|  1.9344|          |      9.044|  46.413|       -0.745|            |NC         |
|  1.9356|          |      9.034|  47.251|        0.103|            |ndRI       |
|  1.9450|          |      9.166|  46.523|       -0.757|            |NC         |
|  1.9463|          |      9.254|  47.118|       -0.250|            |ndRI       |
|  1.9477|          |      8.935|  47.171|        0.122|            |NC         |
|  1.9514|          |      9.346|  46.568|       -0.892|            |ndRI       |
|  1.9517|          |      8.807|  46.310|       -0.612|            |NC         |
|  1.9524|          |      8.323|  45.926|       -0.511|            |NC         |
|  1.9535|          |      8.827|  45.906|       -1.035|            |NC         |
|  1.9551|          |      8.851|  46.537|       -0.428|            |           |
|  1.9566|          |      9.532|  46.495|       -1.151|            |NC         |
|  1.9584|          |      8.524|  45.989|       -0.649|            |NC         |
|  1.9587|          |      8.922|  46.545|       -0.490|            |NC         |
|  1.9600|          |      9.097|  46.882|       -0.328|            |ndRI       |
|  1.9600|          |      8.954|  45.741|       -1.327|            |ndRI       |
|  1.9605|          |      8.938|  46.631|       -0.421|            |ndRI       |
|  1.9685|          |      8.778|  47.036|        0.144|            |NC         |
|  1.9731|  272.4497|      9.050|  47.305|        0.141|    257.3075|RL         |
|  1.9733|          |      8.952|  45.610|       -1.457|            |ndRI       |
|  1.9752|          |      9.544|  47.007|       -0.651|            |           |
|  1.9754|          |      9.323|  46.214|       -1.223|            |ndRI       |
|  1.9899|          |      9.566|  46.068|       -1.612|            |ndRI       |
|  1.9918|          |      8.749|  46.616|       -0.246|            |ndRI       |
|  1.9944|          |      9.164|  47.410|        0.133|            |ndRI       |
|  1.9945|    1.7750|      9.542|  46.719|       -0.937|      1.6824|ndRI       |
|  2.0006|          |      9.373|  46.286|       -1.201|            |ndRI       |
|  2.0042|          |      8.914|  45.867|       -1.160|            |ndRI       |
|  2.0055|          |      8.892|  46.187|       -0.819|            |NC         |
|  2.0080|          |      9.363|  46.236|       -1.241|            |NC         |
|  2.0114|    1.2928|      8.660|  46.563|       -0.211|      1.2288|NC         |
|  2.0232|          |      9.114|  44.842|       -2.385|            |ndRI       |
|  2.0255|          |      9.033|  45.982|       -1.165|            |ndRI       |
|  2.0270|          |      9.160|  46.947|       -0.327|            |ndRI       |
|  2.0284|          |      9.169|  47.626|        0.343|            |ndRI       |
|  2.0336|          |      9.223|  46.111|       -1.226|            |ndRI       |
|  2.0347|          |      9.429|  46.928|       -0.615|            |           |
|  2.0390|          |      9.283|  46.771|       -0.626|            |ndRI       |
|  2.0394|          |      8.768|  45.799|       -1.082|            |NC         |
|  2.0403|          |      9.587|  47.392|       -0.309|            |ndRI       |
|  2.0408|          |      8.981|  46.451|       -0.644|            |ndRI       |
|  2.0423|          |      8.902|  46.490|       -0.526|            |ndRI       |
|  2.0449|          |      9.561|  46.768|       -0.907|            |ndRI       |
|  2.0471|          |      9.090|  45.210|       -1.994|            |ndRI       |
|  2.0476|          |      9.709|  48.109|        0.286|            |RQ         |
|  2.0523|    8.8263|      8.773|  46.866|       -0.020|      8.4460|RL         |
|  2.0533|          |      8.930|  45.921|       -1.123|            |ndRI       |
|  2.0541|          |      9.032|  46.252|       -0.894|            |NC         |
|  2.0543|          |      9.182|  46.785|       -0.511|            |ndRI       |
|  2.0570|          |      9.287|  46.443|       -0.958|            |ndRI       |
|  2.0583|          |      9.228|  45.906|       -1.435|            |NC         |
|  2.0646|          |      8.845|  45.574|       -1.385|            |ndRI       |
|  2.0675|          |      9.641|  46.810|       -0.944|            |ndRI       |
|  2.0683|          |      9.208|  46.906|       -0.416|            |ndRI       |
|  2.0685|          |      7.970|  44.936|       -1.147|            |NC         |
|  2.0702|          |      9.064|  46.450|       -0.728|            |ndRI       |
|  2.0703|          |      8.458|  45.832|       -0.740|            |ndRI       |
|  2.0711|          |      9.369|  46.616|       -0.867|            |           |
|  2.0728|          |      8.976|  46.756|       -0.333|            |NC         |
|  2.0734|          |      9.505|  46.613|       -1.006|            |ndRI       |
|  2.0810|          |      9.417|  46.630|       -0.900|            |ndRI       |
|  2.0822|          |      8.629|  46.276|       -0.467|            |NC         |
|  2.0951|          |      9.373|  47.152|       -0.335|            |ndRI       |
|  2.0975|          |      9.213|  46.572|       -0.755|            |ndRI       |
|  2.0992|          |      9.557|  47.533|       -0.138|            |ndRI       |
|  2.1022|          |      9.077|  46.025|       -1.166|            |ndRI       |
|  2.1133|          |      8.596|  45.183|       -1.527|            |ndRI       |
|  2.1158|          |      9.010|  46.731|       -0.393|            |NC         |
|  2.1200|          |      9.298|  47.058|       -0.354|            |ndRI       |
|  2.1226|          |      9.307|  46.540|       -0.881|            |NC         |
|  2.1280|          |      9.757|  46.146|       -1.725|            |           |
|  2.1319|          |      9.537|  46.087|       -1.564|            |ndRI       |
|  2.1462|          |      8.756|  46.476|       -0.394|            |ndRI       |
|  2.1584|          |      9.041|  46.942|       -0.212|            |ndRI       |
|  2.1632|          |      9.227|  47.072|       -0.269|            |ndRI       |
|  2.1754|          |      9.377|  46.484|       -1.007|            |ndRI       |
|  2.1780|    1.3229|      8.191|  46.700|        0.395|      1.2917|NC         |
|  2.1805|  158.6117|      8.226|  47.821|        1.482|    154.9321|RL         |
|  2.1852|          |      9.305|  46.552|       -0.866|            |ndRI       |
|  2.1861|          |      9.215|  46.956|       -0.372|            |ndRI       |
|  2.2008|          |      9.506|  46.067|       -1.553|            |           |
|  2.2179|          |      9.582|  47.187|       -0.509|            |ndRI       |
|  2.2213|  297.1273|      9.093|  47.699|        0.492|    292.0919|RL         |
|  2.2239|   45.1979|      9.303|  48.142|        0.726|     44.4494|RL         |
|  2.2239|          |      9.187|  46.996|       -0.304|            |ndRI       |
|  2.2284|          |      8.650|  45.412|       -1.351|            |NC         |
|  2.2319|          |      8.721|  46.550|       -0.286|            |ndRI       |
|  2.2365|          |      9.291|  46.117|       -1.288|            |ndRI       |
