	-30.0000	-7.25000	-7.25000	-7.25000	0
     	-29.5000     	-9.31000     	-10.0800     	-8.79000       	0
     	-29.0000     	-9.23000     	-9.23000     	-9.23000       	0
     	-28.5000     	-8.65000     	-8.85000     	-8.46000       	0
     	-28.0000     	-7.96000     	-8.04000     	-7.89000       	0
     	-27.5000     	-7.65000     	-7.71000     	-7.60000       	0
     	-27.0000     	-7.11000     	-7.14000     	-7.08000       	0
     	-26.5000     	-6.73000     	-6.75000     	-6.71000       	0
     	-26.0000     	-6.32000     	-6.35000     	-6.29000       	0
     	-25.5000     	-6.08000     	-6.11000     	-6.05000       	0
     	-25.0000     	-5.82000     	-5.85000     	-5.80000       	0
     	-24.5000     	-5.65000     	-5.67000     	-5.63000       	0
     	-24.0000     	-5.53000     	-5.55000     	-5.51000       	0
     	-23.5000     	-5.46000     	-5.48000     	-5.44000       	0
     	-23.0000     	-5.52000     	-5.56000     	-5.48000       	0
     	-22.5000     	-4.99000     	-5.76000     	-4.47000       	0
      	-26.630782      -6.5797195      -6.7899999      -6.3694391      1
      	-26.230783      -6.4197196      -6.6000001      -6.2394392      1
      	-25.830783      -5.9697194      -6.0899998      -5.8494389      1
      	-25.430784      -5.8497195      -5.9599999      -5.7394390      1
      	-25.030782      -5.7697195      -5.8700000      -5.6694391      1
      	-24.630782      -5.5497197      -5.6400002      -5.4594393      1
      	-24.230783      -5.6197194      -5.7199998      -5.5194390      1
     	-23.830783      -5.5397195      -5.6399999      -5.4394391      1
      	-23.430784      -5.2797198      -5.3700002      -5.1894394      1
      	-23.030782      -5.2697196      -5.4100000      -5.1294391      1
      	-22.630782      -5.1997194      -5.4699998      -4.9294390      1
