	-30.5000	-7.06000	-7.06000	-7.06000	0
     	-30.0000     	-9.40000     	-10.1700     	-8.88000       	0
     	-29.5000     	-9.54000     	-10.3100     	-9.02000       	0
     	-29.0000     	-8.69000     	-8.89000     	-8.50000       	0
     	-28.5000     	-8.09000     	-8.18000     	-8.01000       	0
     	-28.0000     	-7.58000     	-7.63000     	-7.54000       	0
     	-27.5000     	-7.11000     	-7.14000     	-7.09000       	0
     	-27.0000     	-6.68000     	-6.70000     	-6.66000       	0
     	-26.5000     	-6.32000     	-6.35000     	-6.29000       	0
     	-26.0000     	-6.06000     	-6.09000     	-6.03000       	0
     	-25.5000     	-5.86000     	-5.89000     	-5.84000       	0
     	-25.0000     	-5.66000     	-5.68000     	-5.64000       	0
     	-24.5000     	-5.54000     	-5.56000     	-5.52000       	0
     	-24.0000     	-5.47000     	-5.49000     	-5.45000       	0
     	-23.5000     	-5.39000     	-5.44000     	-5.35000       	0
      	-27.822139      -6.8539279      -7.1300001      -6.5778557      1
      	-27.422140      -6.8539279      -7.1300001      -6.5778557      1
      	-27.022138      -7.3139280      -7.7700002      -6.8578558      1
      	-26.622138      -6.5339278      -6.7399999      -6.3278556      1
      	-26.222139      -6.0239280      -6.1500002      -5.8978558      1
      	-25.822139      -5.8839277      -5.9999999      -5.7678555      1
      	-25.422140      -5.7939280      -5.9000002      -5.6878558      1
      	-25.022138      -5.6139277      -5.7099998      -5.5178555      1
      	-24.622138      -5.5139278      -5.6000000      -5.4278556      1
      	-24.222139      -5.4739278      -5.5600000      -5.3878556      1
      	-23.822139      -5.5539277      -5.6499999      -5.4578556      1
      	-23.422140      -5.3539279      -5.4800001      -5.2278558      1
      	-23.022138      -5.6639279      -6.1400000      -5.1878557      1
