	-30.5000	-9.13000	-9.13000	-9.13000	0
     	-30.0000     	-9.31000     	-9.31000     	-9.31000       	0
     	-29.5000     	-9.08000     	-9.42000     	-8.79000       	0
     	-29.0000     	-8.38000     	-8.51000     	-8.26000       	0
     	-28.5000     	-7.89000     	-7.96000     	-7.83000       	0
     	-28.0000     	-7.30000     	-7.33000     	-7.27000       	0
     	-27.5000     	-6.88000     	-6.90000     	-6.86000       	0
     	-27.0000     	-6.47000     	-6.51000     	-6.44000       	0
     	-26.5000     	-6.18000     	-6.21000     	-6.15000       	0
     	-26.0000     	-5.93000     	-5.96000     	-5.91000       	0
     	-25.5000     	-5.76000     	-5.78000     	-5.74000       	0
     	-25.0000     	-5.67000     	-5.69000     	-5.65000       	0
     	-24.5000     	-5.57000     	-5.59000     	-5.55000       	0
     	-24.0000     	-5.58000     	-5.63000     	-5.54000       	0
      	-28.615878      -7.3700164      -7.8300001      -6.9100327      1
      	-28.215878      -6.8600161      -7.1399999      -6.5800324      1
      	-27.815878      -7.3400162      -7.7999999      -6.8800324      1
      	-27.415879      -6.6500161      -6.8699998      -6.4300324      1
      	-27.015877      -6.3000162      -6.4599999      -6.1400325      1
      	-26.615878      -5.9500163      -6.0700000      -5.8300325      1
      	-26.215878      -5.8300164      -5.9400001      -5.7200327      1
      	-25.815878      -5.8500164      -5.9600001      -5.7400327      1
      	-25.415879      -5.7300165      -5.8300002      -5.6300328      1
      	-25.015877      -5.6900161      -5.7899998      -5.5900323      1
      	-24.615878      -5.6400164      -5.7400001      -5.5400326      1
      	-24.215878      -5.4400161      -5.5299998      -5.3500323      1
      	-23.815878      -5.6900161      -5.8499998      -5.5300323      1
      	-23.415879      -5.3300164      -5.6800001      -4.9800327      1
