	-28.9500	-8.24000	-8.37733	-8.13582	 0
     	-28.6500     	-8.02000     	-8.12379     	-7.93629       	 0
     	-28.3500     	-7.65000     	-7.71383     	-7.59436       	 0
     	-28.0500     	-7.64000     	-7.70336     	-7.58471       	 0
     	-27.7500     	-7.44000     	-7.49163     	-7.39386       	 0
     	-27.4500     	-7.27000     	-7.31209     	-7.23163       	 0
     	-27.1500     	-7.16000     	-7.20347     	-7.12048       	 0
     	-26.8500     	-6.89000     	-6.98571     	-6.81162       	 0
      	-28.601554      -7.1821093      -7.5299998      -6.8342187       1
      	-27.801554      -7.4221095      -7.9000000      -6.9442189       1
      	-27.401555      -7.4121093      -7.8899998      -6.9342187       1
      	-27.001553      -7.1021093      -7.4499999      -6.7542187       1
      	-26.601554      -7.0121097      -7.3600002      -6.6642191       1
      	-26.201554      -6.4121093      -6.8099998      -6.0142187       1
