     -28.6500     -8.52000     -8.72585     -8.38091       0
     -28.3500     -8.46000     -8.64833     -8.32907       0
     -28.0500     -8.00000     -8.10073     -7.91829       0
     -27.7500     -8.06000     -8.16944     -7.97267       0
     -27.4500     -7.78000     -7.42986     -7.42986       0
     -20.5019     -4.15385     -4.47305     -3.77083       1
     -21.4939     -4.57692     -5.01796     -4.15774       1
     -22.5058     -4.80769     -5.25150     -4.38988       1
     -23.9939     -5.30769     -6.22455     -4.77679       1
     -29.466826   -9.4014313   -9.7906224   -9.1995264     2
     -28.966826   -9.1914313   -9.4525144   -9.0295161     2
     -28.466826   -8.4614318   -8.5517070   -8.3867307     2
     -27.966826   -8.1514313   -8.2198769   -8.0923187     2
     -27.466826   -7.8514316   -7.9220781   -7.7906854     2
     -28.416827   -8.3514312   -8.8828468   -8.1194930     2
     -27.866827   -7.7914317   -8.0772750   -7.6205230     2
     -27.316826   -7.8514316   -8.1273544   -7.6840427     2
     -26.766827   -7.4814317   -7.6662777   -7.3521810     2
     -26.216826   -7.3114316   -7.4443644   -7.2097949     2
     -25.666827   -7.0914314   -7.2309115   -6.9860246     2
