22.0528634361	0.0005560163	0.0009811821	0.0002058364	21.9207048458	0.0001467383	0.0002207027	0.0000941598	21.676497696	0.000250911	0.000170996	0.000390547
23.2599118943	0.0000559516	0.0000692360	0.0000444242	22.4757709251	0.0001170819	0.0001501031	0.0000946247	22.317972350	0.000108250	0.000068528	0.000170996
22.9427312775	0.0000715302	0.0000809979	0.0000578147	22.9339207048	0.0000728053	0.0000967112	0.0000528974	22.915207373	0.000043382	0.000027463	0.000062725
23.5506607930	0.0000306825	0.0000386441	0.0000256932	23.7092511013	0.0000107840	0.0000193694	0.0000066786	23.659907834	0.000004283	0.000002834	0.000006192
23.8502202643	0.0000153981	0.0000219588	0.0000084222	24.4757709251	0.0000108576	0.0000220811	0.0000057316	24.470967742	0.000005265	0.000003641	0.000007725
24.1585903084	0.0000122592	0.0000181142	0.0000064715	25.5506607930	0.0000067887	0.0000156334	0.0000035209	25.466359447	0.000002079	0.000001170	0.000003863
24.4493392070	0.0000154802	0.0000249978	0.0000084677	nan		nan		nan		nan		nan		nan		nan		nan
24.7488986784	0.0000063911	0.0000105044	0.0000018784	nan		nan		nan		nan		nan		nan		nan		nan
25.0484581498	0.0000062954	0.0000109129	0.0000019171	nan		nan		nan		nan		nan		nan		nan		nan

