22.042398615	0.000982900	0.000404335	0.001539097	22.406097217	0.000074586	0.000056113	0.000100866	23.007352941	0.000108018	0.000051097	0.000212189
22.343135597	0.001411929	0.000505964	0.002328312	22.853336555	0.000080606	0.000060121	0.000104406	23.632352941	0.000028439	0.000014691	0.000055051
22.645354597	0.000414933	0.000213593	0.000644153	22.887503524	0.000104406	0.000087866	0.000135234	24.382352941	0.000005039	0.000002681	0.000010044
22.942942290	0.000173660	0.000091737	0.000243090	23.334976441	0.000087866	0.000073946	0.000108071	25.220588235	0.000000550	0.000000123	0.000002186
23.239893681	0.000143649	0.000094957	0.000206351	23.356892594	0.000056599	0.000048045	0.000067836	26.110294118	0.000000559	0.000000143	0.000002391
23.541403890	0.000090169	0.000055631	0.000139980	23.951294753	0.000022688	0.000018606	0.000028637	nan		nan		nan		nan
23.851314889	0.000070217	0.000039742	0.000095780	24.036824937	0.000038395	0.000032312	0.000046416	nan		nan		nan		nan
24.148604567	0.000040434	0.000024309	0.000059093	24.433868954	0.000009095	0.000006331	0.000014741	nan		nan		nan		nan
24.446143933	0.000017821	0.000022109	0.000022109	24.795465346	0.000006554	0.000005103	0.000008344	nan		nan		nan		nan
24.743812170	0.000006842	0.000004930	0.000009017	25.153638597	0.000001845	0.000000820	0.000005283	nan		nan		nan		nan
25.045088800	0.000005515	0.000003492	0.000007787	25.777173694	0.000002099	0.000001241	0.000003615	nan		nan		nan		nan
25.347074222	0.000002081	0.000000879	0.000003374	26.745946599	0.000000696	0.000000286	0.000002099	nan		nan		nan		nan
