23.263858093	0.000150168	0.000044959	0.000301437	23.600886918	0.000075538	0.000060419	0.000095288	nan		nan		nan		nan
23.556541020	0.000037965	0.000016840	0.000064889	23.866962306	0.000040083	0.000031493	0.000048354	nan		nan		nan		nan
24.155210643	0.000044251	0.000027316	0.000064976	24.390243902	0.000017800	0.000013861	0.000024552	nan		nan		nan		nan
24.456762749	0.000020722	0.000012907	0.000031254	24.922394678	0.000007492	0.000005834	0.000009536	nan		nan		nan		nan
24.753880266	0.000018298	0.000009280	0.000027109	25.312638581	0.000002757	0.000001929	0.000004310	nan		nan		nan		nan
25.050997783	0.000004668	0.000003067	0.000006793	25.778270510	0.000002964	0.000001965	0.000004431	nan		nan		nan		nan
25.356984479	0.000003605	0.000002567	0.000005062	nan		nan		nan		nan		nan		nan		nan		nan
25.649667406	0.000001425	0.000000710	0.000002227	nan		nan		nan		nan		nan		nan		nan		nan
26.252771619	0.000000717	0.000000198	0.000001305	nan		nan		nan		nan		nan		nan		nan		nan

